Module1.name,Module2.name,Module1.size,Module2.size,Module1.proportion.overlap,Module2.proportion.overlap,intersection.size,union.size,genome.size,p.value,odds.ratio,Jaccard.index,FDR,Bonferroni
green,3,534,103,0.103,0.534,55,582,15712,1.49103340748044e-53,36.1532444757371,0.0945017182130584,1.67293948319305e-50,1.67293948319305e-50
pink,5,236,104,0.178,0.404,42,298,15712,6.26644035629204e-50,53.7235055026169,0.140939597315436,3.51547303987984e-47,7.03094607975967e-47
lightyellow,3,130,103,0.146,0.184,19,214,15712,9.65294690235825e-21,31.5398218336782,0.088785046728972,3.61020214148198e-18,1.0830606424446e-17
red,4,517,70,0.048,0.357,25,562,15712,7.85256441548934e-20,17.0926458720899,0.0444839857651246,2.20264431854476e-17,8.81057727417904e-17
red,11,517,98,0.052,0.276,27,588,15712,5.49013902491986e-18,11.729638114652,0.0459183673469388,1.23198719719202e-15,6.15993598596009e-15
skyblue1,8,35,63,0.257,0.143,9,89,15712,9.608788810518e-15,99.6396160329833,0.101123595505618,1.79684350756687e-12,1.07810610454012e-11
yellowgreen,12,72,25,0.097,0.28,7,90,15712,1.41624670974482e-11,93.0018609141156,0.0777777777777778,2.27004115476242e-09,1.58902880833369e-08
darkmagenta,17,148,65,0.068,0.154,10,203,15712,4.65487707850529e-10,20.4069236155367,0.0492610837438424,6.52846510260367e-08,5.22277208208294e-07
darkmagenta,14,148,76,0.061,0.118,9,215,15712,3.8081967340493e-08,14.9670715801111,0.0418604651162791,4.74755192844813e-06,4.27279673560331e-05
darkmagenta,6,148,47,0.047,0.149,7,188,15712,2.61832597627357e-07,19.2581695864552,0.0372340425531915,2.93776174537894e-05,0.000293776174537894
darkmagenta,2,148,56,0.047,0.125,7,197,15712,8.99577569113133e-07,15.7079717319933,0.0355329949238579,9.17569120495396e-05,0.00100932603254494
sienna3,6,72,47,0.069,0.106,5,114,15712,2.31784739320918e-06,27.6842851365542,0.043859649122807,0.000216718731265058,0.0026006247751807
lavenderblush3,17,41,65,0.098,0.062,4,102,15712,2.40778632968841e-05,27.6339447656328,0.0392156862745098,0.00207810481685415,0.0270153626191039
black,15,243,42,0.025,0.143,6,279,15712,4.2338221162879e-05,10.8466053170865,0.021505376344086,0.00339310601033931,0.0475034841447503
plum1,7,69,55,0.058,0.073,4,120,15712,9.812011362318e-05,18.7959690906195,0.0333333333333333,0.00733938449901387,0.110090767485208
purple,13,225,54,0.027,0.111,6,273,15712,0.000117376178160351,8.80801784446169,0.021978021978022,0.00823100449349458,0.131696071895913
mediumpurple3,14,63,76,0.063,0.053,4,135,15712,0.000242561892560411,14.6577351152038,0.0296296296296296,0.0160090849089871,0.272154443452781
white,2,90,56,0.044,0.071,4,142,15712,0.000294504689664663,13.9201883854065,0.028169014084507,0.0183574589890974,0.330434261803752
darkmagenta,3,148,103,0.041,0.058,6,245,15712,0.00042600411841841,6.73481917045162,0.0244897959183673,0.0238988310432728,0.477976620865456
sienna3,14,72,76,0.056,0.053,4,144,15712,0.000405399860420337,12.7076032056803,0.0277777777777778,0.0238988310432728,0.454858643391618
skyblue3,11,70,98,0.057,0.041,4,164,15712,0.000952106910008361,10.0187765956447,0.024390243902439,0.0464462588273644,1
white,14,90,76,0.044,0.053,4,162,15712,0.000942966268484964,10.0393150649884,0.0246913580246914,0.0464462588273644,1
lightyellow,16,130,52,0.031,0.077,4,178,15712,0.000890876416450224,10.2678099321823,0.0224719101123596,0.0464462588273644,0.999563339257151
green,14,534,76,0.017,0.118,9,601,15712,0.00106357725854228,3.86593496969288,0.0149750415973378,0.0497222368368516,1
mediumpurple3,16,63,52,0.048,0.058,3,112,15712,0.00118033597056839,15.9047643203111,0.0267857142857143,0.0529734783591095,1
sienna3,3,72,103,0.056,0.039,4,171,15712,0.00127312851249932,9.23030265536009,0.0233918128654971,0.0549403919624705,1
sienna3,2,72,56,0.042,0.054,3,125,15712,0.00214912250997606,12.7752025926802,0.024,0.0893079798590051,1
plum1,8,69,63,0.043,0.048,3,129,15712,0.0026661890006097,11.7976948511865,0.0232558139534884,0.100533660370054,1
green,2,534,56,0.013,0.125,7,583,15712,0.00276039003932411,4.10042286011193,0.0120068610634648,0.100533660370054,1
steelblue,2,77,56,0.039,0.054,3,130,15712,0.00260306071579753,11.9111687080337,0.0230769230769231,0.100533660370054,1
mediumpurple3,4,63,70,0.048,0.043,3,130,15712,0.00277766797813874,11.620990259042,0.0230769230769231,0.100533660370054,1
red,9,517,46,0.012,0.13,6,557,15712,0.00377812446104544,4.44700257583879,0.0107719928186715,0.132470488915406,1
darkmagenta,4,148,70,0.027,0.057,4,214,15712,0.00428262772820466,6.52052077204029,0.0186915887850467,0.141256447775803,1
purple,9,225,46,0.018,0.087,4,267,15712,0.00417262083802302,6.65363838520283,0.0149812734082397,0.141256447775803,1
plum2,5,50,104,0.06,0.029,3,151,15712,0.00440639542972649,9.82893286934952,0.0198675496688742,0.141256447775803,1
skyblue3,10,70,24,0.029,0.083,2,92,15712,0.00506876379378072,20.857458378789,0.0217391304347826,0.152483908563322,1
green,6,534,47,0.011,0.128,6,575,15712,0.00492916224465341,4.19464719274541,0.0104347826086957,0.152483908563322,1
darkturquoise,7,100,55,0.03,0.055,3,152,15712,0.00516433914920342,9.25084112183911,0.0197368421052632,0.152483908563322,1
indianred4,2,32,56,0.062,0.036,2,86,15712,0.00577845153392281,19.2761785272321,0.0232558139534884,0.166241605668241,1
lightpink4,6,43,47,0.047,0.043,2,88,15712,0.00731483690698306,16.9189882997823,0.0227272727272727,0.205181175240875,1
lightcoral,17,32,65,0.062,0.031,2,95,15712,0.00771627627375151,16.5170540453637,0.0210526315789474,0.211162487296322,1
orange,4,92,70,0.033,0.043,3,159,15712,0.00801397785792183,7.82161946555957,0.0188679245283019,0.214087694204483,1
lightpink4,13,43,54,0.047,0.037,2,95,15712,0.00956684356065107,14.639641735462,0.0210526315789474,0.249627871512802,1
yellow4,8,38,63,0.053,0.032,2,99,15712,0.010137402902837,14.2110278554135,0.0202020202020202,0.258503774022343,1
coral1,17,40,65,0.05,0.031,2,103,15712,0.0118798418009669,13.0271261784061,0.0194174757281553,0.296204055570776,1
darkmagenta,13,148,54,0.02,0.056,3,199,15712,0.0143095637666277,6.29121207940773,0.0150753768844221,0.341602777577792,1
purple,17,225,65,0.018,0.062,4,286,15712,0.0140319746659508,4.57636751651863,0.013986013986014,0.341602777577792,1
darkmagenta,7,148,55,0.02,0.055,3,200,15712,0.015032661936729,6.16988060778733,0.015,0.35138847277104,1
cyan,16,169,52,0.018,0.058,3,218,15712,0.0183823079329937,5.71286182857537,0.0137614678899083,0.404755421560472,1
purple,4,225,70,0.018,0.057,4,291,15712,0.0179872402720903,4.22773243915537,0.013745704467354,0.404755421560472,1
midnightblue,1,165,20,0.012,0.1,2,183,15712,0.0183979737072942,10.5791392580512,0.0109289617486339,0.404755421560472,1
royalblue,14,117,76,0.026,0.039,3,190,15712,0.0190853614794126,5.59391712879566,0.0157894736842105,0.411803376536556,1
mediumpurple3,7,63,55,0.032,0.036,2,116,15712,0.0205021381372732,9.64275641025759,0.0172413793103448,0.434026396038123,1
green,17,534,65,0.011,0.092,6,593,15712,0.0227941034237662,2.91162549074005,0.0101180438448567,0.464999709844831,1
skyblue1,5,35,104,0.057,0.019,2,137,15712,0.022401837476141,9.25049058997802,0.0145985401459854,0.464999709844831,1
saddlebrown,9,81,46,0.025,0.043,2,125,15712,0.0234656914279419,8.96435271832868,0.016,0.470151888966979,1
ivory,17,58,65,0.034,0.031,2,121,15712,0.0240075225108997,8.83446685617998,0.0165289256198347,0.472569127319815,1
darkolivegreen,9,218,46,0.014,0.065,3,261,15712,0.0258256427486519,5.01239557838522,0.0114942528735632,0.475022478098155,1
plum1,2,69,56,0.029,0.036,2,123,15712,0.0251319170931907,8.61354498597213,0.016260162601626,0.475022478098155,1
sienna3,13,72,54,0.028,0.037,2,124,15712,0.0254200961349051,8.56095053338683,0.0161290322580645,0.475022478098155,1
lightsteelblue1,8,62,63,0.032,0.032,2,123,15712,0.0256454132583856,8.51473513167057,0.016260162601626,0.475022478098155,1
ivory,4,58,70,0.034,0.029,2,126,15712,0.0275499597463934,8.18192049253316,0.0158730158730159,0.49856540057183,1
white,9,90,46,0.022,0.043,2,134,15712,0.0285300304230778,8.04308657249817,0.0149253731343284,0.508106256106242,1
purple,6,225,47,0.013,0.064,3,269,15712,0.0296113830875175,4.74161008134842,0.0111524163568773,0.519124559753041,1
skyblue,16,82,52,0.024,0.038,2,132,15712,0.0301480593862911,7.78686708745415,0.0151515151515152,0.520401886637209,1
ivory,14,58,76,0.034,0.026,2,132,15712,0.0320598498108953,7.51657574314312,0.0151515151515152,0.54501744678522,1
plum1,17,69,65,0.029,0.031,2,132,15712,0.0331012196682935,7.37966623444702,0.0151515151515152,0.546170124526843,1
lightcyan1,14,59,76,0.034,0.026,2,133,15712,0.0330826208266097,7.38446434059924,0.0150375939849624,0.546170124526843,1
blue,13,1107,54,0.007,0.148,8,1153,15712,0.0342517776913287,2.30387941422771,0.00693842150910668,0.549768294053672,1
grey60,15,920,42,0.007,0.143,6,956,15712,0.0342992696824929,2.69028800551908,0.00627615062761506,0.549768294053672,1
pink,1,236,20,0.008,0.1,2,254,15712,0.0357353499995238,7.33861032144011,0.0078740157480315,0.557595885784979,1
sienna3,17,72,65,0.028,0.031,2,135,15712,0.0357815541680201,7.06287190178335,0.0148148148148148,0.557595885784979,1
skyblue3,4,70,70,0.029,0.029,2,138,15712,0.0389048918206672,6.73318765233917,0.0144927536231884,0.574359060826166,1
green,7,534,55,0.009,0.091,5,584,15712,0.0384641697572473,2.85939771981111,0.00856164383561644,0.574359060826166,1
purple,16,225,52,0.013,0.058,3,274,15712,0.0383310470573046,4.25676996570309,0.0109489051094891,0.574359060826166,1
orangered4,14,64,76,0.031,0.026,2,138,15712,0.0383843552759646,6.78581968264435,0.0144927536231884,0.574359060826166,1
white,7,90,55,0.022,0.036,2,143,15712,0.0396066500417419,6.67378763502755,0.013986013986014,0.577125472036811,1
thistle2,5,49,104,0.041,0.019,2,151,15712,0.0417185058716653,6.48963203580024,0.0132450331125828,0.600104661384724,1
brown4,11,55,98,0.036,0.02,2,151,15712,0.046183214928304,6.11473363349962,0.0132450331125828,0.655918571513381,1
green,12,534,25,0.006,0.12,3,556,15712,0.0515848442084874,3.89169219672236,0.00539568345323741,0.723477440024036,1
white,17,90,65,0.022,0.031,2,153,15712,0.0534887296787786,5.61126259522316,0.0130718954248366,0.731882374385238,1
darkgreen,7,106,55,0.019,0.036,2,159,15712,0.0531310047265415,5.64165634100058,0.0125786163522013,0.731882374385238,1
yellow4,10,38,24,0.026,0.042,1,61,15712,0.0564988936212351,18.3742038934297,0.0163934426229508,0.763756128229226,1
darkmagenta,15,148,42,0.014,0.048,2,188,15712,0.0593961141477119,5.3157502580161,0.0106382978723404,0.784028706749797,1
darkgrey,8,98,63,0.02,0.032,2,159,15712,0.0588384114502904,5.31113559482757,0.0125786163522013,0.784028706749797,1
lavenderblush3,12,41,25,0.024,0.04,1,65,15712,0.0632810923641779,16.2782890915689,0.0153846153846154,0.825597507355902,1
thistle2,10,49,24,0.02,0.042,1,72,15712,0.072274338463312,14.1580237906551,0.0138888888888889,0.932089744319955,1
orange,14,92,76,0.022,0.026,2,166,15712,0.0731565437872022,4.66736551359025,0.0120481927710843,0.932745933286828,1
turquoise,4,2317,70,0.002,0.057,4,2383,15712,0.994866459520728,0.349266484808796,0.00167855644146034,1,1
turquoise,15,2317,42,0.003,0.143,6,2353,15712,0.600058104460598,0.963433837133535,0.00254993625159371,1,1
turquoise,7,2317,55,0.002,0.073,4,2368,15712,0.970722304323666,0.452496574630132,0.00168918918918919,1,1
turquoise,3,2317,103,0.002,0.049,5,2415,15712,0.999643114154968,0.293447804595332,0.0020703933747412,1,1
turquoise,13,2317,54,0.003,0.111,6,2365,15712,0.827427482139896,0.721941824330562,0.0025369978858351,1,1
turquoise,5,2317,104,0.006,0.135,14,2407,15712,0.686138703962744,0.898658852876585,0.00581636892397175,1,1
turquoise,8,2317,63,0.005,0.175,11,2369,15712,0.321275563637825,1.22397573119883,0.00464330941325454,1,1
turquoise,2,2317,56,0.003,0.143,8,2365,15712,0.596433716350749,0.963402120817673,0.00338266384778013,1,1
turquoise,14,2317,76,0.003,0.092,7,2386,15712,0.944432156084627,0.585261770102059,0.00293378038558257,1,1
turquoise,9,2317,46,0.001,0.043,2,2361,15712,0.994229515781669,0.262157615158421,0.000847098686997035,1,1
turquoise,11,2317,98,0.006,0.133,13,2402,15712,0.703358726770448,0.883556749468275,0.00541215653621982,1,1
turquoise,12,2317,25,0.001,0.08,2,2340,15712,0.901543025999044,0.502300749484136,0.000854700854700855,1,1
turquoise,16,2317,52,0.003,0.115,6,2363,15712,0.798673551636331,0.753441639765088,0.00253914515446466,1,1
turquoise,17,2317,65,0.004,0.138,9,2373,15712,0.63457444235292,0.92883136143125,0.00379266750948167,1,1
turquoise,1,2317,20,0.001,0.1,2,2335,15712,0.816734736592092,0.64206122892939,0.000856531049250535,1,1
turquoise,6,2317,47,0.002,0.085,4,2360,15712,0.930833622302343,0.537003742230343,0.00169491525423729,1,1
turquoise,10,2317,24,0.002,0.208,5,2336,15712,0.274166584885888,1.52243954966762,0.00214041095890411,1,1
bisque4,4,145,70,0,0,0,215,15712,1,0,0,1,1
bisque4,15,145,42,0,0,0,187,15712,1,0,0,1,1
bisque4,7,145,55,0,0,0,200,15712,1,0,0,1,1
bisque4,3,145,103,0,0,0,248,15712,1,0,0,1,1
bisque4,13,145,54,0,0,0,199,15712,1,0,0,1,1
bisque4,5,145,104,0,0,0,249,15712,1,0,0,1,1
bisque4,8,145,63,0.007,0.016,1,207,15712,0.44304065777997,1.73658676672355,0.00483091787439614,1,1
bisque4,2,145,56,0,0,0,201,15712,1,0,0,1,1
bisque4,14,145,76,0,0,0,221,15712,1,0,0,1,1
bisque4,9,145,46,0,0,0,191,15712,1,0,0,1,1
bisque4,11,145,98,0.014,0.02,2,241,15712,0.22884205839485,2.25375043249516,0.00829875518672199,1,1
bisque4,12,145,25,0,0,0,170,15712,1,0,0,1,1
bisque4,16,145,52,0,0,0,197,15712,1,0,0,1,1
bisque4,17,145,65,0.007,0.015,1,209,15712,0.45331447893783,1.68210242094702,0.00478468899521531,1,1
bisque4,1,145,20,0,0,0,165,15712,1,0,0,1,1
bisque4,6,145,47,0,0,0,192,15712,1,0,0,1,1
bisque4,10,145,24,0,0,0,169,15712,1,0,0,1,1
brown,4,898,70,0.002,0.029,2,966,15712,0.915268082850966,0.484063144482583,0.0020703933747412,1,1
brown,15,898,42,0.003,0.071,3,937,15712,0.433590985242242,1.26985221822473,0.0032017075773746,1,1
brown,7,898,55,0.003,0.055,3,950,15712,0.61576855291485,0.951571038187515,0.00315789473684211,1,1
brown,3,898,103,0,0,0,1001,15712,1,0,0,1,1
brown,13,898,54,0.003,0.056,3,949,15712,0.603224935636026,0.970294138613266,0.00316122233930453,1,1
brown,5,898,104,0.003,0.029,3,999,15712,0.941289003306769,0.488290691375752,0.003003003003003,1,1
brown,8,898,63,0.006,0.079,5,956,15712,0.291171156426626,1.42443632986989,0.00523012552301255,1,1
brown,2,898,56,0.001,0.018,1,953,15712,0.963178447855562,0.299172744321589,0.00104931794333683,1,1
brown,14,898,76,0.001,0.013,1,973,15712,0.988709453108177,0.219097281880286,0.00102774922918808,1,1
brown,9,898,46,0.003,0.065,3,941,15712,0.493673916409341,1.15142367515746,0.00318809776833156,1,1
brown,11,898,98,0.002,0.02,2,994,15712,0.978568764491018,0.342230342666044,0.00201207243460765,1,1
brown,12,898,25,0.003,0.12,3,920,15712,0.16912648140282,2.25370133452428,0.00326086956521739,1,1
brown,16,898,52,0.003,0.058,3,947,15712,0.577338410640806,1.01003339540184,0.00316789862724393,1,1
brown,17,898,65,0,0,0,963,15712,1,0,0,1,1
brown,1,898,20,0,0,0,918,15712,1,0,0,1,1
brown,6,898,47,0,0,0,945,15712,1,0,0,1,1
brown,10,898,24,0,0,0,922,15712,1,0,0,1,1
skyblue3,15,70,42,0,0,0,112,15712,1,0,0,1,1
skyblue3,7,70,55,0,0,0,125,15712,1,0,0,1,1
skyblue3,3,70,103,0,0,0,173,15712,1,0,0,1,1
skyblue3,13,70,54,0.014,0.019,1,123,15712,0.214571988357693,4.26194771817347,0.00813008130081301,1,1
skyblue3,5,70,104,0,0,0,174,15712,1,0,0,1,1
skyblue3,8,70,63,0,0,0,133,15712,1,0,0,1,1
skyblue3,2,70,56,0,0,0,126,15712,1,0,0,1,1
skyblue3,14,70,76,0,0,0,146,15712,1,0,0,1,1
skyblue3,9,70,46,0.014,0.022,1,115,15712,0.185916342422926,5.02192963883971,0.00869565217391304,1,1
skyblue3,12,70,25,0,0,0,95,15712,1,0,0,1,1
skyblue3,16,70,52,0.014,0.019,1,121,15712,0.207502692173788,4.42992256749915,0.00826446280991736,1,1
skyblue3,17,70,65,0,0,0,135,15712,1,0,0,1,1
skyblue3,1,70,20,0,0,0,90,15712,1,0,0,1,1
skyblue3,6,70,47,0,0,0,117,15712,1,0,0,1,1
red,15,517,42,0,0,0,559,15712,1,0,0,1,1
red,7,517,55,0.008,0.073,4,568,15712,0.1066812362499,2.31510469288737,0.00704225352112676,1,1
red,3,517,103,0,0,0,620,15712,1,0,0,1,1
red,13,517,54,0.008,0.074,4,567,15712,0.101408330902706,2.36158868954565,0.00705467372134039,1,1
red,5,517,104,0.008,0.038,4,617,15712,0.448287717780322,1.1769833841963,0.00648298217179903,1,1
red,8,517,63,0,0,0,580,15712,1,0,0,1,1
red,2,517,56,0.002,0.018,1,572,15712,0.84695282831512,0.533487533787105,0.00174825174825175,1,1
red,14,517,76,0.006,0.039,3,590,15712,0.458823568779271,1.20903290417822,0.00508474576271186,1,1
red,12,517,25,0.002,0.04,1,541,15712,0.567039365713615,1.22502905119194,0.00184842883548983,1,1
red,16,517,52,0.004,0.038,2,567,15712,0.514210130213102,1.17629603110829,0.00352733686067019,1,1
red,17,517,65,0.006,0.046,3,579,15712,0.361504622801114,1.42453477935855,0.00518134715025907,1,1
red,1,517,20,0.004,0.1,2,535,15712,0.139281542529759,3.2739575170889,0.00373831775700935,1,1
red,6,517,47,0.004,0.043,2,562,15712,0.460891308819836,1.30741600764238,0.00355871886120996,1,1
red,10,517,24,0.002,0.042,1,540,15712,0.55228485724838,1.27837111390826,0.00185185185185185,1,1
blue,4,1107,70,0.005,0.071,5,1172,15712,0.553905835940029,1.01493881476269,0.00426621160409556,1,1
blue,15,1107,42,0,0,0,1149,15712,1,0,0,1,1
blue,7,1107,55,0.001,0.018,1,1161,15712,0.98214596718052,0.243649815224423,0.000861326442721792,1,1
blue,3,1107,103,0.002,0.019,2,1208,15712,0.995341024760735,0.259929642297896,0.00165562913907285,1,1
blue,5,1107,104,0.005,0.058,6,1205,15712,0.749852294644143,0.806705864864324,0.0049792531120332,1,1
blue,8,1107,63,0.003,0.048,3,1167,15712,0.83020716506396,0.658734440907131,0.0025706940874036,1,1
blue,2,1107,56,0,0,0,1163,15712,1,0,0,1,1
blue,14,1107,76,0.003,0.039,3,1180,15712,0.910832295762123,0.540936145774421,0.00254237288135593,1,1
blue,9,1107,46,0.005,0.109,5,1148,15712,0.221326525759012,1.61162976160579,0.00435540069686411,1,1
blue,11,1107,98,0.004,0.041,4,1201,15712,0.921407242340287,0.559815653886013,0.00333055786844296,1,1
blue,12,1107,25,0.002,0.08,2,1130,15712,0.534173549363808,1.14749985787581,0.00176991150442478,1,1
blue,16,1107,52,0.001,0.019,1,1158,15712,0.977753569191214,0.258035078468352,0.000863557858376511,1,1
blue,17,1107,65,0.001,0.015,1,1171,15712,0.991425955379726,0.205438818998352,0.00085397096498719,1,1
blue,1,1107,20,0,0,0,1127,15712,1,0,0,1,1
blue,6,1107,47,0.001,0.021,1,1153,15712,0.967905925996602,0.286180075405874,0.000867302688638335,1,1
blue,10,1107,24,0.002,0.083,2,1129,15712,0.511959248123882,1.19973693631144,0.00177147918511957,1,1
darkorange2,4,128,70,0,0,0,198,15712,1,0,0,1,1
darkorange2,15,128,42,0,0,0,170,15712,1,0,0,1,1
darkorange2,7,128,55,0.008,0.018,1,182,15712,0.362804243140919,2.26431866016267,0.0054945054945055,1,1
darkorange2,3,128,103,0,0,0,231,15712,1,0,0,1,1
darkorange2,13,128,54,0,0,0,182,15712,1,0,0,1,1
darkorange2,5,128,104,0.008,0.01,1,231,15712,0.574092367998974,1.18345642034379,0.00432900432900433,1,1
darkorange2,8,128,63,0.008,0.016,1,190,15712,0.403313821112246,1.97117786778498,0.00526315789473684,1,1
darkorange2,2,128,56,0,0,0,184,15712,1,0,0,1,1
darkorange2,14,128,76,0,0,0,204,15712,1,0,0,1,1
darkorange2,9,128,46,0,0,0,174,15712,1,0,0,1,1
darkorange2,11,128,98,0.016,0.02,2,224,15712,0.190084546752809,2.56057750152967,0.00892857142857143,1,1
darkorange2,12,128,25,0,0,0,153,15712,1,0,0,1,1
darkorange2,16,128,52,0.008,0.019,1,179,15712,0.346919542381087,2.39812697103441,0.00558659217877095,1,1
darkorange2,17,128,65,0,0,0,193,15712,1,0,0,1,1
darkorange2,1,128,20,0,0,0,148,15712,1,0,0,1,1
darkorange2,6,128,47,0,0,0,175,15712,1,0,0,1,1
darkorange2,10,128,24,0,0,0,152,15712,1,0,0,1,1
greenyellow,4,315,70,0,0,0,385,15712,1,0,0,1,1
greenyellow,15,315,42,0.006,0.048,2,355,15712,0.205703990941881,2.45279354352323,0.00563380281690141,1,1
greenyellow,7,315,55,0.003,0.018,1,369,15712,0.67234753540832,0.904876838889094,0.002710027100271,1,1
greenyellow,3,315,103,0.003,0.01,1,417,15712,0.876662767360897,0.477566994878221,0.00239808153477218,1,1
greenyellow,13,315,54,0,0,0,369,15712,1,0,0,1,1
greenyellow,5,315,104,0,0,0,419,15712,1,0,0,1,1
greenyellow,8,315,63,0.006,0.032,2,376,15712,0.361152856878815,1.60637299286744,0.00531914893617021,1,1
greenyellow,2,315,56,0,0,0,371,15712,1,0,0,1,1
greenyellow,14,315,76,0,0,0,391,15712,1,0,0,1,1
greenyellow,9,315,46,0,0,0,361,15712,1,0,0,1,1
greenyellow,11,315,98,0.003,0.01,1,412,15712,0.863429914983435,0.50234624606344,0.00242718446601942,1,1
greenyellow,12,315,25,0.003,0.04,1,339,15712,0.397515113509686,2.03980816843158,0.00294985250737463,1,1
greenyellow,16,315,52,0.003,0.019,1,366,15712,0.65175110908439,0.958289028242615,0.00273224043715847,1,1
greenyellow,17,315,65,0.003,0.015,1,379,15712,0.732624217368056,0.762998836652392,0.00263852242744063,1,1
greenyellow,1,315,20,0,0,0,335,15712,1,0,0,1,1
greenyellow,6,315,47,0,0,0,362,15712,1,0,0,1,1
greenyellow,10,315,24,0,0,0,339,15712,1,0,0,1,1
darkolivegreen,4,218,70,0,0,0,288,15712,1,0,0,1,1
darkolivegreen,15,218,42,0.005,0.024,1,259,15712,0.444336377339262,1.73679318071745,0.00386100386100386,1,1
darkolivegreen,7,218,55,0,0,0,273,15712,1,0,0,1,1
darkolivegreen,3,218,103,0,0,0,321,15712,1,0,0,1,1
darkolivegreen,13,218,54,0,0,0,272,15712,1,0,0,1,1
darkolivegreen,5,218,104,0,0,0,322,15712,1,0,0,1,1
darkolivegreen,8,218,63,0.005,0.016,1,280,15712,0.586038887970766,1.14700734276829,0.00357142857142857,1,1
darkolivegreen,2,218,56,0,0,0,274,15712,1,0,0,1,1
darkolivegreen,14,218,76,0,0,0,294,15712,1,0,0,1,1
darkolivegreen,11,218,98,0.005,0.01,1,315,15712,0.746785982282775,0.731496003220144,0.00317460317460317,1,1
darkolivegreen,12,218,25,0,0,0,243,15712,1,0,0,1,1
darkolivegreen,16,218,52,0.005,0.019,1,269,15712,0.516995259228966,1.39534835599741,0.00371747211895911,1,1
darkolivegreen,17,218,65,0.005,0.015,1,282,15712,0.597492372855058,1.11102241140689,0.00354609929078014,1,1
darkolivegreen,1,218,20,0,0,0,238,15712,1,0,0,1,1
darkolivegreen,6,218,47,0,0,0,265,15712,1,0,0,1,1
darkolivegreen,10,218,24,0,0,0,242,15712,1,0,0,1,1
grey60,4,920,70,0,0,0,990,15712,1,0,0,1,1
grey60,7,920,55,0.004,0.073,4,971,15712,0.403536559345671,1.26215760868989,0.00411946446961895,1,1
grey60,3,920,103,0.002,0.019,2,1021,15712,0.985410123129348,0.316910805528916,0.0019588638589618,1,1
grey60,13,920,54,0.001,0.019,1,973,15712,0.961762699929264,0.302619407702025,0.00102774922918808,1,1
grey60,5,920,104,0.005,0.048,5,1019,15712,0.735831800076745,0.811010088441758,0.00490677134445535,1,1
grey60,8,920,63,0.004,0.063,4,979,15712,0.508150105160517,1.09041742309189,0.00408580183861083,1,1
grey60,2,920,56,0.001,0.018,1,975,15712,0.966124164550669,0.291575720625413,0.00102564102564103,1,1
grey60,14,920,76,0.002,0.026,2,994,15712,0.942020074181104,0.433331864112345,0.00201207243460765,1,1
grey60,9,920,46,0.001,0.022,1,965,15712,0.937940709746342,0.356610528955209,0.00103626943005181,1,1
grey60,11,920,98,0.003,0.031,3,1015,15712,0.931701056506094,0.506123618442418,0.00295566502463054,1,1
grey60,12,920,25,0,0,0,945,15712,1,0,0,1,1
grey60,16,920,52,0.001,0.019,1,971,15712,0.956840391288253,0.314529247752762,0.00102986611740474,1,1
grey60,17,920,65,0.002,0.031,2,983,15712,0.90062147701997,0.509355047638658,0.00203458799593082,1,1
grey60,1,920,20,0,0,0,940,15712,1,0,0,1,1
grey60,6,920,47,0,0,0,967,15712,1,0,0,1,1
grey60,10,920,24,0.002,0.083,2,942,15712,0.414280197477233,1.46260611444034,0.00212314225053079,1,1
orangered3,4,34,70,0,0,0,104,15712,1,0,0,1,1
orangered3,15,34,42,0,0,0,76,15712,1,0,0,1,1
orangered3,7,34,55,0.029,0.018,1,88,15712,0.112504398680115,8.76368977991923,0.0113636363636364,1,1
orangered3,3,34,103,0,0,0,137,15712,1,0,0,1,1
orangered3,13,34,54,0.029,0.019,1,87,15712,0.110573084647564,8.92987970499718,0.0114942528735632,1,1
orangered3,5,34,104,0,0,0,138,15712,1,0,0,1,1
orangered3,8,34,63,0,0,0,97,15712,1,0,0,1,1
orangered3,2,34,56,0.029,0.018,1,89,15712,0.114431642114044,8.60375549699167,0.0112359550561798,1,1
orangered3,14,34,76,0,0,0,110,15712,1,0,0,1,1
orangered3,9,34,46,0,0,0,80,15712,1,0,0,1,1
orangered3,11,34,98,0,0,0,132,15712,1,0,0,1,1
orangered3,12,34,25,0,0,0,59,15712,1,0,0,1,1
orangered3,16,34,52,0,0,0,86,15712,1,0,0,1,1
orangered3,17,34,65,0,0,0,99,15712,1,0,0,1,1
orangered3,1,34,20,0,0,0,54,15712,1,0,0,1,1
orangered3,6,34,47,0.029,0.021,1,80,15712,0.0969392072962141,10.2930548347357,0.0125,1,1
orangered3,10,34,24,0,0,0,58,15712,1,0,0,1,1
plum1,4,69,70,0,0,0,139,15712,1,0,0,1,1
plum1,15,69,42,0.014,0.024,1,110,15712,0.168973287946652,5.59445358860082,0.00909090909090909,1,1
plum1,3,69,103,0.014,0.01,1,171,15712,0.365429396785295,2.24044788924356,0.00584795321637427,1,1
plum1,13,69,54,0,0,0,123,15712,1,0,0,1,1
plum1,5,69,104,0,0,0,173,15712,1,0,0,1,1
plum1,14,69,76,0.014,0.013,1,144,15712,0.284873136929848,3.05208777968991,0.00694444444444444,1,1
plum1,9,69,46,0,0,0,115,15712,1,0,0,1,1
plum1,11,69,98,0,0,0,167,15712,1,0,0,1,1
plum1,12,69,25,0,0,0,94,15712,1,0,0,1,1
plum1,16,69,52,0,0,0,121,15712,1,0,0,1,1
plum1,1,69,20,0,0,0,89,15712,1,0,0,1,1
plum1,6,69,47,0.014,0.021,1,115,15712,0.187111537375324,4.98514216094123,0.00869565217391304,1,1
plum1,10,69,24,0.014,0.042,1,92,15712,0.10031161755163,9.98075945906954,0.0108695652173913,1,1
cyan,4,169,70,0.006,0.014,1,238,15712,0.531716999781716,1.33485558619165,0.00420168067226891,1,1
cyan,15,169,42,0.006,0.024,1,210,15712,0.365425537972316,2.25039909678796,0.00476190476190476,1,1
cyan,7,169,55,0,0,0,224,15712,1,0,0,1,1
cyan,3,169,103,0,0,0,272,15712,1,0,0,1,1
cyan,13,169,54,0,0,0,223,15712,1,0,0,1,1
cyan,5,169,104,0.006,0.01,1,272,15712,0.676455278822474,0.892285334170052,0.00367647058823529,1,1
cyan,8,169,63,0.006,0.016,1,231,15712,0.494729205615004,1.48618849534001,0.00432900432900433,1,1
cyan,2,169,56,0,0,0,225,15712,1,0,0,1,1
cyan,14,169,76,0,0,0,245,15712,1,0,0,1,1
cyan,9,169,46,0,0,0,215,15712,1,0,0,1,1
cyan,11,169,98,0.006,0.01,1,266,15712,0.654620577436833,0.947843101068553,0.0037593984962406,1,1
cyan,12,169,25,0,0,0,194,15712,1,0,0,1,1
cyan,17,169,65,0.006,0.015,1,233,15712,0.505583877254934,1.43956598415109,0.00429184549356223,1,1
cyan,1,169,20,0,0,0,189,15712,1,0,0,1,1
cyan,6,169,47,0.006,0.021,1,215,15712,0.398918769189506,2.0050570409463,0.00465116279069768,1,1
cyan,10,169,24,0,0,0,193,15712,1,0,0,1,1
pink,4,236,70,0,0,0,306,15712,1,0,0,1,1
pink,15,236,42,0,0,0,278,15712,1,0,0,1,1
pink,7,236,55,0,0,0,291,15712,1,0,0,1,1
pink,3,236,103,0.004,0.01,1,338,15712,0.790693421634715,0.641399395779957,0.0029585798816568,1,1
pink,13,236,54,0,0,0,290,15712,1,0,0,1,1
pink,8,236,63,0.008,0.032,2,297,15712,0.244280590359405,2.15974494892903,0.00673400673400673,1,1
pink,2,236,56,0,0,0,292,15712,1,0,0,1,1
pink,14,236,76,0,0,0,312,15712,1,0,0,1,1
pink,9,236,46,0,0,0,282,15712,1,0,0,1,1
pink,11,236,98,0,0,0,334,15712,1,0,0,1,1
pink,12,236,25,0,0,0,261,15712,1,0,0,1,1
pink,16,236,52,0,0,0,288,15712,1,0,0,1,1
pink,17,236,65,0,0,0,301,15712,1,0,0,1,1
pink,6,236,47,0,0,0,283,15712,1,0,0,1,1
pink,10,236,24,0.004,0.042,1,259,15712,0.304755501039916,2.85864618927668,0.00386100386100386,1,1
yellowgreen,4,72,70,0,0,0,142,15712,1,0,0,1,1
yellowgreen,15,72,42,0,0,0,114,15712,1,0,0,1,1
yellowgreen,7,72,55,0,0,0,127,15712,1,0,0,1,1
yellowgreen,3,72,103,0,0,0,175,15712,1,0,0,1,1
yellowgreen,13,72,54,0,0,0,126,15712,1,0,0,1,1
yellowgreen,5,72,104,0,0,0,176,15712,1,0,0,1,1
yellowgreen,8,72,63,0,0,0,135,15712,1,0,0,1,1
yellowgreen,2,72,56,0,0,0,128,15712,1,0,0,1,1
yellowgreen,14,72,76,0,0,0,148,15712,1,0,0,1,1
yellowgreen,9,72,46,0,0,0,118,15712,1,0,0,1,1
yellowgreen,11,72,98,0,0,0,170,15712,1,0,0,1,1
yellowgreen,16,72,52,0,0,0,124,15712,1,0,0,1,1
yellowgreen,17,72,65,0,0,0,137,15712,1,0,0,1,1
yellowgreen,1,72,20,0,0,0,92,15712,1,0,0,1,1
yellowgreen,6,72,47,0,0,0,119,15712,1,0,0,1,1
yellowgreen,10,72,24,0,0,0,96,15712,1,0,0,1,1
green,4,534,70,0.004,0.029,2,602,15712,0.692891075897236,0.835368299692619,0.00332225913621262,1,1
green,15,534,42,0.004,0.048,2,574,15712,0.420312342270924,1.42268430167695,0.00348432055749129,1,1
green,13,534,54,0.006,0.056,3,585,15712,0.27795010384783,1.67567094827955,0.00512820512820513,1,1
green,5,534,104,0.004,0.019,2,636,15712,0.873052785761845,0.555666171263716,0.00314465408805031,1,1
green,8,534,63,0.004,0.032,2,595,15712,0.636387732098679,0.931656765792434,0.00336134453781513,1,1
green,9,534,46,0.002,0.022,1,579,15712,0.796664553240646,0.630948415340503,0.00172711571675302,1,1
green,11,534,98,0.006,0.031,3,629,15712,0.652084903820722,0.897002154251583,0.00476947535771065,1,1
green,16,534,52,0.007,0.077,4,582,15712,0.0998014529076546,2.37871963945082,0.00687285223367698,1,1
green,1,534,20,0,0,0,554,15712,1,0,0,1,1
green,10,534,24,0.002,0.042,1,557,15712,0.564161895905286,1.23621414375612,0.00179533213644524,1,1
orange,15,92,42,0,0,0,134,15712,1,0,0,1,1
orange,7,92,55,0,0,0,147,15712,1,0,0,1,1
orange,3,92,103,0,0,0,195,15712,1,0,0,1,1
orange,13,92,54,0,0,0,146,15712,1,0,0,1,1
orange,5,92,104,0.011,0.01,1,195,15712,0.458150946321664,1.65542000102677,0.00512820512820513,1,1
orange,8,92,63,0,0,0,155,15712,1,0,0,1,1
orange,2,92,56,0,0,0,148,15712,1,0,0,1,1
orange,9,92,46,0,0,0,138,15712,1,0,0,1,1
orange,11,92,98,0.011,0.01,1,189,15712,0.438590485923677,1.75849510423261,0.00529100529100529,1,1
orange,12,92,25,0,0,0,117,15712,1,0,0,1,1
orange,16,92,52,0,0,0,144,15712,1,0,0,1,1
orange,17,92,65,0.011,0.015,1,156,15712,0.31784701958795,2.67067918189573,0.00641025641025641,1,1
orange,1,92,20,0,0,0,112,15712,1,0,0,1,1
orange,6,92,47,0,0,0,139,15712,1,0,0,1,1
orange,10,92,24,0,0,0,116,15712,1,0,0,1,1
white,4,90,70,0.011,0.014,1,159,15712,0.331693476576786,2.53240137237378,0.00628930817610063,1,1
white,15,90,42,0,0,0,132,15712,1,0,0,1,1
white,3,90,103,0,0,0,193,15712,1,0,0,1,1
white,13,90,54,0.011,0.019,1,143,15712,0.267090404832521,3.30011484756444,0.00699300699300699,1,1
white,5,90,104,0,0,0,194,15712,1,0,0,1,1
white,8,90,63,0,0,0,153,15712,1,0,0,1,1
white,11,90,98,0,0,0,188,15712,1,0,0,1,1
white,12,90,25,0,0,0,115,15712,1,0,0,1,1
white,16,90,52,0,0,0,142,15712,1,0,0,1,1
white,1,90,20,0,0,0,110,15712,1,0,0,1,1
white,6,90,47,0.011,0.021,1,136,15712,0.236919808802889,3.80397001244842,0.00735294117647059,1,1
white,10,90,24,0.011,0.042,1,113,15712,0.128876122843856,7.61754101535682,0.00884955752212389,1,1
tan,4,177,70,0,0,0,247,15712,1,0,0,1,1
tan,15,177,42,0.006,0.024,1,218,15712,0.37901741077091,2.14704710498228,0.00458715596330275,1,1
tan,7,177,55,0,0,0,232,15712,1,0,0,1,1
tan,3,177,103,0,0,0,280,15712,1,0,0,1,1
tan,13,177,54,0,0,0,231,15712,1,0,0,1,1
tan,5,177,104,0.006,0.01,1,280,15712,0.693377790921429,0.851287797809528,0.00357142857142857,1,1
tan,8,177,63,0,0,0,240,15712,1,0,0,1,1
tan,2,177,56,0,0,0,233,15712,1,0,0,1,1
tan,14,177,76,0,0,0,253,15712,1,0,0,1,1
tan,9,177,46,0,0,0,223,15712,1,0,0,1,1
tan,11,177,98,0.011,0.02,2,273,15712,0.302752568944319,1.83794758692933,0.00732600732600733,1,1
tan,12,177,25,0,0,0,202,15712,1,0,0,1,1
tan,16,177,52,0,0,0,229,15712,1,0,0,1,1
tan,17,177,65,0.006,0.015,1,241,15712,0.521888378286159,1.37343415933402,0.004149377593361,1,1
tan,1,177,20,0,0,0,197,15712,1,0,0,1,1
tan,6,177,47,0,0,0,224,15712,1,0,0,1,1
tan,10,177,24,0.006,0.042,1,200,15712,0.238222951956676,3.83140731454489,0.005,1,1
saddlebrown,4,81,70,0,0,0,151,15712,1,0,0,1,1
saddlebrown,15,81,42,0,0,0,123,15712,1,0,0,1,1
saddlebrown,7,81,55,0,0,0,136,15712,1,0,0,1,1
saddlebrown,3,81,103,0,0,0,184,15712,1,0,0,1,1
saddlebrown,13,81,54,0,0,0,135,15712,1,0,0,1,1
saddlebrown,5,81,104,0,0,0,185,15712,1,0,0,1,1
saddlebrown,8,81,63,0,0,0,144,15712,1,0,0,1,1
saddlebrown,2,81,56,0,0,0,137,15712,1,0,0,1,1
saddlebrown,14,81,76,0,0,0,157,15712,1,0,0,1,1
saddlebrown,11,81,98,0.012,0.01,1,178,15712,0.398362299048565,2.00162446077703,0.00561797752808989,1,1
saddlebrown,12,81,25,0,0,0,106,15712,1,0,0,1,1
saddlebrown,16,81,52,0.012,0.019,1,132,15712,0.236014933037692,3.81798895521977,0.00757575757575758,1,1
saddlebrown,17,81,65,0,0,0,146,15712,1,0,0,1,1
saddlebrown,1,81,20,0,0,0,101,15712,1,0,0,1,1
saddlebrown,6,81,47,0,0,0,128,15712,1,0,0,1,1
saddlebrown,10,81,24,0,0,0,105,15712,1,0,0,1,1
darkgreen,4,106,70,0,0,0,176,15712,1,0,0,1,1
darkgreen,15,106,42,0,0,0,148,15712,1,0,0,1,1
darkgreen,3,106,103,0,0,0,209,15712,1,0,0,1,1
darkgreen,13,106,54,0,0,0,160,15712,1,0,0,1,1
darkgreen,5,106,104,0,0,0,210,15712,1,0,0,1,1
darkgreen,8,106,63,0,0,0,169,15712,1,0,0,1,1
darkgreen,2,106,56,0.009,0.018,1,161,15712,0.315966158627937,2.69245644074232,0.0062111801242236,1,1
darkgreen,14,106,76,0,0,0,182,15712,1,0,0,1,1
darkgreen,9,106,46,0,0,0,152,15712,1,0,0,1,1
darkgreen,11,106,98,0,0,0,204,15712,1,0,0,1,1
darkgreen,12,106,25,0,0,0,131,15712,1,0,0,1,1
darkgreen,16,106,52,0,0,0,158,15712,1,0,0,1,1
darkgreen,17,106,65,0.009,0.015,1,170,15712,0.356546741166972,2.31256878332925,0.00588235294117647,1,1
darkgreen,1,106,20,0,0,0,126,15712,1,0,0,1,1
darkgreen,6,106,47,0,0,0,153,15712,1,0,0,1,1
darkgreen,10,106,24,0,0,0,130,15712,1,0,0,1,1
darkmagenta,5,148,104,0,0,0,252,15712,1,0,0,1,1
darkmagenta,8,148,63,0,0,0,211,15712,1,0,0,1,1
darkmagenta,9,148,46,0,0,0,194,15712,1,0,0,1,1
darkmagenta,11,148,98,0.007,0.01,1,245,15712,0.605596133032124,1.08470572722067,0.00408163265306122,1,1
darkmagenta,12,148,25,0,0,0,173,15712,1,0,0,1,1
darkmagenta,16,148,52,0.014,0.038,2,198,15712,0.0861426073677547,4.24956919103747,0.0101010101010101,1,1
darkmagenta,1,148,20,0,0,0,168,15712,1,0,0,1,1
darkmagenta,10,148,24,0,0,0,172,15712,1,0,0,1,1
thistle1,4,49,70,0.02,0.014,1,118,15712,0.196780994335759,4.70713294053669,0.00847457627118644,1,1
thistle1,15,49,42,0,0,0,91,15712,1,0,0,1,1
thistle1,7,49,55,0,0,0,104,15712,1,0,0,1,1
thistle1,3,49,103,0,0,0,152,15712,1,0,0,1,1
thistle1,13,49,54,0,0,0,103,15712,1,0,0,1,1
thistle1,5,49,104,0,0,0,153,15712,1,0,0,1,1
thistle1,8,49,63,0,0,0,112,15712,1,0,0,1,1
thistle1,2,49,56,0,0,0,105,15712,1,0,0,1,1
thistle1,14,49,76,0,0,0,125,15712,1,0,0,1,1
thistle1,9,49,46,0,0,0,95,15712,1,0,0,1,1
thistle1,11,49,98,0,0,0,147,15712,1,0,0,1,1
thistle1,12,49,25,0,0,0,74,15712,1,0,0,1,1
thistle1,16,49,52,0.02,0.019,1,100,15712,0.1501428817878,6.37525185900289,0.01,1,1
thistle1,17,49,65,0,0,0,114,15712,1,0,0,1,1
thistle1,1,49,20,0,0,0,69,15712,1,0,0,1,1
thistle1,6,49,47,0,0,0,96,15712,1,0,0,1,1
thistle1,10,49,24,0,0,0,73,15712,1,0,0,1,1
firebrick4,4,30,70,0,0,0,100,15712,1,0,0,1,1
firebrick4,15,30,42,0,0,0,72,15712,1,0,0,1,1
firebrick4,7,30,55,0,0,0,85,15712,1,0,0,1,1
firebrick4,3,30,103,0,0,0,133,15712,1,0,0,1,1
firebrick4,13,30,54,0,0,0,84,15712,1,0,0,1,1
firebrick4,5,30,104,0,0,0,134,15712,1,0,0,1,1
firebrick4,8,30,63,0,0,0,93,15712,1,0,0,1,1
firebrick4,2,30,56,0,0,0,86,15712,1,0,0,1,1
firebrick4,14,30,76,0,0,0,106,15712,1,0,0,1,1
firebrick4,9,30,46,0.033,0.022,1,75,15712,0.0842768297546301,11.9741979555452,0.0133333333333333,1,1
firebrick4,11,30,98,0,0,0,128,15712,1,0,0,1,1
firebrick4,12,30,25,0,0,0,55,15712,1,0,0,1,1
firebrick4,16,30,52,0,0,0,82,15712,1,0,0,1,1
firebrick4,17,30,65,0,0,0,95,15712,1,0,0,1,1
firebrick4,1,30,20,0,0,0,50,15712,1,0,0,1,1
firebrick4,6,30,47,0,0,0,77,15712,1,0,0,1,1
firebrick4,10,30,24,0,0,0,54,15712,1,0,0,1,1
coral2,4,39,70,0,0,0,109,15712,1,0,0,1,1
coral2,15,39,42,0,0,0,81,15712,1,0,0,1,1
coral2,7,39,55,0.026,0.018,1,93,15712,0.12796463655864,7.6086241733898,0.010752688172043,1,1
coral2,3,39,103,0,0,0,142,15712,1,0,0,1,1
coral2,13,39,54,0.026,0.019,1,92,15712,0.125787200155914,7.75253895161568,0.0108695652173913,1,1
coral2,5,39,104,0,0,0,143,15712,1,0,0,1,1
coral2,8,39,63,0,0,0,102,15712,1,0,0,1,1
coral2,2,39,56,0,0,0,95,15712,1,0,0,1,1
coral2,14,39,76,0.026,0.013,1,114,15712,0.172489060054188,5.47217530580798,0.0087719298245614,1,1
coral2,9,39,46,0,0,0,85,15712,1,0,0,1,1
coral2,11,39,98,0,0,0,137,15712,1,0,0,1,1
coral2,12,39,25,0,0,0,64,15712,1,0,0,1,1
coral2,16,39,52,0,0,0,91,15712,1,0,0,1,1
coral2,17,39,65,0.026,0.015,1,103,15712,0.149450393263755,6.41595091612625,0.00970873786407767,1,1
coral2,1,39,20,0,0,0,59,15712,1,0,0,1,1
coral2,6,39,47,0.026,0.021,1,85,15712,0.110396118503151,8.93626068656614,0.0117647058823529,1,1
coral2,10,39,24,0,0,0,63,15712,1,0,0,1,1
darkgrey,4,98,70,0,0,0,168,15712,1,0,0,1,1
darkgrey,15,98,42,0,0,0,140,15712,1,0,0,1,1
darkgrey,7,98,55,0,0,0,153,15712,1,0,0,1,1
darkgrey,3,98,103,0,0,0,201,15712,1,0,0,1,1
darkgrey,13,98,54,0,0,0,152,15712,1,0,0,1,1
darkgrey,5,98,104,0.01,0.01,1,201,15712,0.479443382853744,1.55241369534434,0.00497512437810945,1,1
darkgrey,2,98,56,0,0,0,154,15712,1,0,0,1,1
darkgrey,14,98,76,0,0,0,174,15712,1,0,0,1,1
darkgrey,9,98,46,0,0,0,144,15712,1,0,0,1,1
darkgrey,11,98,98,0.01,0.01,1,195,15712,0.459398767065274,1.64908596830603,0.00512820512820513,1,1
darkgrey,12,98,25,0,0,0,123,15712,1,0,0,1,1
darkgrey,16,98,52,0,0,0,150,15712,1,0,0,1,1
darkgrey,17,98,65,0,0,0,163,15712,1,0,0,1,1
darkgrey,1,98,20,0,0,0,118,15712,1,0,0,1,1
darkgrey,6,98,47,0,0,0,145,15712,1,0,0,1,1
darkgrey,10,98,24,0,0,0,122,15712,1,0,0,1,1
darkred,4,108,70,0,0,0,178,15712,1,0,0,1,1
darkred,15,108,42,0,0,0,150,15712,1,0,0,1,1
darkred,7,108,55,0.009,0.018,1,162,15712,0.31614951768139,2.69088684166334,0.00617283950617284,1,1
darkred,3,108,103,0,0,0,211,15712,1,0,0,1,1
darkred,13,108,54,0,0,0,162,15712,1,0,0,1,1
darkred,5,108,104,0.009,0.01,1,211,15712,0.513104452433978,1.40643062666324,0.004739336492891,1,1
darkred,8,108,63,0,0,0,171,15712,1,0,0,1,1
darkred,2,108,56,0,0,0,164,15712,1,0,0,1,1
darkred,14,108,76,0,0,0,184,15712,1,0,0,1,1
darkred,9,108,46,0,0,0,154,15712,1,0,0,1,1
darkred,11,108,98,0,0,0,206,15712,1,0,0,1,1
darkred,12,108,25,0,0,0,133,15712,1,0,0,1,1
darkred,16,108,52,0.009,0.019,1,159,15712,0.301802537963298,2.84971474630426,0.00628930817610063,1,1
darkred,17,108,65,0,0,0,173,15712,1,0,0,1,1
darkred,1,108,20,0,0,0,128,15712,1,0,0,1,1
darkred,6,108,47,0,0,0,155,15712,1,0,0,1,1
darkred,10,108,24,0.009,0.042,1,131,15712,0.152666349789934,6.32900072578484,0.00763358778625954,1,1
salmon,4,172,70,0,0,0,242,15712,1,0,0,1,1
salmon,15,172,42,0.006,0.024,1,213,15712,0.370556184385025,2.21037612603271,0.00469483568075117,1,1
salmon,7,172,55,0,0,0,227,15712,1,0,0,1,1
salmon,3,172,103,0.006,0.01,1,274,15712,0.679373886446453,0.885111362694703,0.00364963503649635,1,1
salmon,13,172,54,0,0,0,226,15712,1,0,0,1,1
salmon,5,172,104,0,0,0,276,15712,1,0,0,1,1
salmon,8,172,63,0,0,0,235,15712,1,0,0,1,1
salmon,2,172,56,0,0,0,228,15712,1,0,0,1,1
salmon,14,172,76,0,0,0,248,15712,1,0,0,1,1
salmon,9,172,46,0.006,0.022,1,217,15712,0.39774312624446,2.01348334462294,0.00460829493087558,1,1
salmon,11,172,98,0,0,0,270,15712,1,0,0,1,1
salmon,12,172,25,0,0,0,197,15712,1,0,0,1,1
salmon,16,172,52,0.006,0.019,1,223,15712,0.436349723052677,1.77596333952576,0.00448430493273543,1,1
salmon,17,172,65,0.006,0.015,1,236,15712,0.511761235000687,1.41404114687697,0.00423728813559322,1,1
salmon,1,172,20,0.006,0.05,1,191,15712,0.197707551926597,4.77600729053015,0.00523560209424084,1,1
salmon,6,172,47,0,0,0,219,15712,1,0,0,1,1
salmon,10,172,24,0.006,0.042,1,195,15712,0.232312386330503,3.94463081082383,0.00512820512820513,1,1
navajowhite2,4,44,70,0,0,0,114,15712,1,0,0,1,1
navajowhite2,15,44,42,0,0,0,86,15712,1,0,0,1,1
navajowhite2,7,44,55,0,0,0,99,15712,1,0,0,1,1
navajowhite2,3,44,103,0,0,0,147,15712,1,0,0,1,1
navajowhite2,13,44,54,0,0,0,98,15712,1,0,0,1,1
navajowhite2,5,44,104,0,0,0,148,15712,1,0,0,1,1
navajowhite2,8,44,63,0,0,0,107,15712,1,0,0,1,1
navajowhite2,2,44,56,0,0,0,100,15712,1,0,0,1,1
navajowhite2,14,44,76,0,0,0,120,15712,1,0,0,1,1
navajowhite2,9,44,46,0.023,0.022,1,89,15712,0.121188449881625,8.06949349520864,0.0112359550561798,1,1
navajowhite2,11,44,98,0.023,0.01,1,141,15712,0.240942668390821,3.73262528282226,0.00709219858156028,1,1
navajowhite2,12,44,25,0,0,0,69,15712,1,0,0,1,1
navajowhite2,16,44,52,0,0,0,96,15712,1,0,0,1,1
navajowhite2,17,44,65,0,0,0,109,15712,1,0,0,1,1
navajowhite2,1,44,20,0,0,0,64,15712,1,0,0,1,1
navajowhite2,6,44,47,0,0,0,91,15712,1,0,0,1,1
navajowhite2,10,44,24,0,0,0,68,15712,1,0,0,1,1
black,4,243,70,0.004,0.014,1,312,15712,0.664955807874937,0.922270676395696,0.00320512820512821,1,1
black,7,243,55,0.008,0.036,2,296,15712,0.208969457919167,2.41349500015167,0.00675675675675676,1,1
black,3,243,103,0,0,0,346,15712,1,0,0,1,1
black,13,243,54,0.004,0.019,1,296,15712,0.569633209593412,1.20191606004302,0.00337837837837838,1,1
black,5,243,104,0,0,0,347,15712,1,0,0,1,1
black,8,243,63,0,0,0,306,15712,1,0,0,1,1
black,2,243,56,0.004,0.018,1,298,15712,0.582887894034664,1.15806344371717,0.00335570469798658,1,1
black,14,243,76,0.004,0.013,1,318,15712,0.695002032646764,0.848162379342396,0.00314465408805031,1,1
black,9,243,46,0.004,0.022,1,288,15712,0.512286144094022,1.41627928719888,0.00347222222222222,1,1
black,11,243,98,0,0,0,341,15712,1,0,0,1,1
black,12,243,25,0,0,0,268,15712,1,0,0,1,1
black,16,243,52,0,0,0,295,15712,1,0,0,1,1
black,17,243,65,0,0,0,308,15712,1,0,0,1,1
black,1,243,20,0,0,0,263,15712,1,0,0,1,1
black,6,243,47,0.008,0.043,2,288,15712,0.164292688118206,2.84408003050497,0.00694444444444444,1,1
black,10,243,24,0,0,0,267,15712,1,0,0,1,1
lightyellow,4,130,70,0,0,0,200,15712,1,0,0,1,1
lightyellow,15,130,42,0,0,0,172,15712,1,0,0,1,1
lightyellow,7,130,55,0.008,0.018,1,184,15712,0.367294110225231,2.22893724450969,0.00543478260869565,1,1
lightyellow,13,130,54,0.008,0.019,1,183,15712,0.361997113466427,2.27112450861833,0.00546448087431694,1,1
lightyellow,5,130,104,0.015,0.019,2,232,15712,0.212701560654352,2.37101191442725,0.00862068965517241,1,1
lightyellow,8,130,63,0.015,0.032,2,191,15712,0.0957943404130036,3.97494125434026,0.0104712041884817,1,1
lightyellow,2,130,56,0.008,0.018,1,185,15712,0.37254746435889,2.18840278115353,0.00540540540540541,1,1
lightyellow,14,130,76,0.008,0.013,1,205,15712,0.468978512771612,1.60270993320891,0.00487804878048781,1,1
lightyellow,9,130,46,0,0,0,176,15712,1,0,0,1,1
lightyellow,11,130,98,0.008,0.01,1,227,15712,0.558135768972736,1.23749186199243,0.00440528634361234,1,1
lightyellow,12,130,25,0,0,0,155,15712,1,0,0,1,1
lightyellow,17,130,65,0,0,0,195,15712,1,0,0,1,1
lightyellow,1,130,20,0.008,0.05,1,149,15712,0.153180715512662,6.34748785321263,0.00671140939597315,1,1
lightyellow,6,130,47,0,0,0,177,15712,1,0,0,1,1
lightyellow,10,130,24,0,0,0,154,15712,1,0,0,1,1
skyblue2,4,39,70,0.026,0.014,1,108,15712,0.159998960398179,5.9492457542743,0.00925925925925926,1,1
skyblue2,15,39,42,0,0,0,81,15712,1,0,0,1,1
skyblue2,7,39,55,0,0,0,94,15712,1,0,0,1,1
skyblue2,3,39,103,0,0,0,142,15712,1,0,0,1,1
skyblue2,13,39,54,0,0,0,93,15712,1,0,0,1,1
skyblue2,5,39,104,0,0,0,143,15712,1,0,0,1,1
skyblue2,8,39,63,0.026,0.016,1,101,15712,0.145194923997632,6.62371699517602,0.0099009900990099,1,1
skyblue2,2,39,56,0,0,0,95,15712,1,0,0,1,1
skyblue2,14,39,76,0,0,0,115,15712,1,0,0,1,1
skyblue2,9,39,46,0,0,0,85,15712,1,0,0,1,1
skyblue2,11,39,98,0,0,0,137,15712,1,0,0,1,1
skyblue2,12,39,25,0,0,0,64,15712,1,0,0,1,1
skyblue2,16,39,52,0,0,0,91,15712,1,0,0,1,1
skyblue2,17,39,65,0,0,0,104,15712,1,0,0,1,1
skyblue2,1,39,20,0,0,0,59,15712,1,0,0,1,1
skyblue2,6,39,47,0,0,0,86,15712,1,0,0,1,1
skyblue2,10,39,24,0,0,0,63,15712,1,0,0,1,1
purple,15,225,42,0,0,0,267,15712,1,0,0,1,1
purple,7,225,55,0.004,0.018,1,279,15712,0.548276378247337,1.27585156196454,0.003584229390681,1,1
purple,3,225,103,0,0,0,328,15712,1,0,0,1,1
purple,5,225,104,0,0,0,329,15712,1,0,0,1,1
purple,8,225,63,0.004,0.016,1,287,15712,0.597680781977359,1.11066242520487,0.00348432055749129,1,1
purple,2,225,56,0,0,0,281,15712,1,0,0,1,1
purple,14,225,76,0.013,0.039,3,298,15712,0.0954799863776682,2.85302008288378,0.0100671140939597,1,1
purple,11,225,98,0.013,0.031,3,320,15712,0.1658051601496,2.18938728261694,0.009375,1,1
purple,12,225,25,0,0,0,250,15712,1,0,0,1,1
purple,1,225,20,0,0,0,245,15712,1,0,0,1,1
purple,10,225,24,0,0,0,249,15712,1,0,0,1,1
midnightblue,4,165,70,0.012,0.029,2,233,15712,0.167378766384338,2.79268254155501,0.00858369098712446,1,1
midnightblue,15,165,42,0.006,0.024,1,206,15712,0.358521128819747,2.30585575094658,0.00485436893203884,1,1
midnightblue,7,165,55,0.012,0.036,2,218,15712,0.113600127492683,3.58603971748361,0.0091743119266055,1,1
midnightblue,3,165,103,0,0,0,268,15712,1,0,0,1,1
midnightblue,13,165,54,0.006,0.019,1,218,15712,0.435068007012394,1.78244523366483,0.00458715596330275,1,1
midnightblue,5,165,104,0.018,0.029,3,266,15712,0.0964361155790416,2.83168525282262,0.0112781954887218,1,1
midnightblue,8,165,63,0,0,0,228,15712,1,0,0,1,1
midnightblue,2,165,56,0,0,0,221,15712,1,0,0,1,1
midnightblue,14,165,76,0,0,0,241,15712,1,0,0,1,1
midnightblue,9,165,46,0,0,0,211,15712,1,0,0,1,1
midnightblue,11,165,98,0.018,0.031,3,260,15712,0.0841867132682178,3.0116536394459,0.0115384615384615,1,1
midnightblue,12,165,25,0,0,0,190,15712,1,0,0,1,1
midnightblue,16,165,52,0.006,0.019,1,216,15712,0.422972090021579,1.8526539725862,0.00462962962962963,1,1
midnightblue,17,165,65,0,0,0,230,15712,1,0,0,1,1
midnightblue,6,165,47,0,0,0,212,15712,1,0,0,1,1
midnightblue,10,165,24,0.006,0.042,1,188,15712,0.22396371447554,4.11475086057558,0.00531914893617021,1,1
plum2,4,50,70,0.02,0.014,1,119,15712,0.200370685352583,4.61087643368575,0.00840336134453782,1,1
plum2,15,50,42,0,0,0,92,15712,1,0,0,1,1
plum2,7,50,55,0,0,0,105,15712,1,0,0,1,1
plum2,3,50,103,0,0,0,153,15712,1,0,0,1,1
plum2,13,50,54,0,0,0,104,15712,1,0,0,1,1
plum2,8,50,63,0,0,0,113,15712,1,0,0,1,1
plum2,2,50,56,0,0,0,106,15712,1,0,0,1,1
plum2,14,50,76,0,0,0,126,15712,1,0,0,1,1
plum2,9,50,46,0,0,0,96,15712,1,0,0,1,1
plum2,11,50,98,0,0,0,148,15712,1,0,0,1,1
plum2,12,50,25,0,0,0,75,15712,1,0,0,1,1
plum2,16,50,52,0,0,0,102,15712,1,0,0,1,1
plum2,17,50,65,0,0,0,115,15712,1,0,0,1,1
plum2,1,50,20,0,0,0,70,15712,1,0,0,1,1
plum2,6,50,47,0,0,0,97,15712,1,0,0,1,1
plum2,10,50,24,0,0,0,74,15712,1,0,0,1,1
darkturquoise,4,100,70,0,0,0,170,15712,1,0,0,1,1
darkturquoise,15,100,42,0,0,0,142,15712,1,0,0,1,1
darkturquoise,3,100,103,0,0,0,203,15712,1,0,0,1,1
darkturquoise,13,100,54,0,0,0,154,15712,1,0,0,1,1
darkturquoise,5,100,104,0,0,0,204,15712,1,0,0,1,1
darkturquoise,8,100,63,0,0,0,163,15712,1,0,0,1,1
darkturquoise,2,100,56,0,0,0,156,15712,1,0,0,1,1
darkturquoise,14,100,76,0.02,0.026,2,174,15712,0.0844308571231337,4.28432140340449,0.0114942528735632,1,1
darkturquoise,9,100,46,0,0,0,146,15712,1,0,0,1,1
darkturquoise,11,100,98,0,0,0,198,15712,1,0,0,1,1
darkturquoise,12,100,25,0,0,0,125,15712,1,0,0,1,1
darkturquoise,16,100,52,0,0,0,152,15712,1,0,0,1,1
darkturquoise,17,100,65,0.01,0.015,1,164,15712,0.340233266418591,2.45368835141891,0.00609756097560976,1,1
darkturquoise,1,100,20,0,0,0,120,15712,1,0,0,1,1
darkturquoise,6,100,47,0.01,0.021,1,146,15712,0.259575770953055,3.41756597877373,0.00684931506849315,1,1
darkturquoise,10,100,24,0,0,0,124,15712,1,0,0,1,1
coral1,4,40,70,0.025,0.014,1,109,15712,0.16375063989618,5.79639282727101,0.0091743119266055,1,1
coral1,15,40,42,0.025,0.024,1,81,15712,0.101654995384866,9.76938066993051,0.0123456790123457,1,1
coral1,7,40,55,0,0,0,95,15712,1,0,0,1,1
coral1,3,40,103,0,0,0,143,15712,1,0,0,1,1
coral1,13,40,54,0,0,0,94,15712,1,0,0,1,1
coral1,5,40,104,0,0,0,144,15712,1,0,0,1,1
coral1,8,40,63,0.025,0.016,1,102,15712,0.148630942614879,6.45350418480444,0.00980392156862745,1,1
coral1,2,40,56,0,0,0,96,15712,1,0,0,1,1
coral1,14,40,76,0,0,0,116,15712,1,0,0,1,1
coral1,9,40,46,0.025,0.022,1,85,15712,0.110793440468993,8.90052973476657,0.0117647058823529,1,1
coral1,11,40,98,0,0,0,138,15712,1,0,0,1,1
coral1,12,40,25,0,0,0,65,15712,1,0,0,1,1
coral1,16,40,52,0.025,0.019,1,91,15712,0.124331394493887,7.85041270757277,0.010989010989011,1,1
coral1,1,40,20,0,0,0,60,15712,1,0,0,1,1
coral1,6,40,47,0.025,0.021,1,86,15712,0.113063851702306,8.70618480305399,0.0116279069767442,1,1
coral1,10,40,24,0,0,0,64,15712,1,0,0,1,1
skyblue,4,82,70,0,0,0,152,15712,1,0,0,1,1
skyblue,15,82,42,0,0,0,124,15712,1,0,0,1,1
skyblue,7,82,55,0,0,0,137,15712,1,0,0,1,1
skyblue,3,82,103,0,0,0,185,15712,1,0,0,1,1
skyblue,13,82,54,0,0,0,136,15712,1,0,0,1,1
skyblue,5,82,104,0,0,0,186,15712,1,0,0,1,1
skyblue,8,82,63,0,0,0,145,15712,1,0,0,1,1
skyblue,2,82,56,0,0,0,138,15712,1,0,0,1,1
skyblue,14,82,76,0.012,0.013,1,157,15712,0.328762894828214,2.56023853096066,0.00636942675159236,1,1
skyblue,9,82,46,0,0,0,128,15712,1,0,0,1,1
skyblue,11,82,98,0.012,0.01,1,179,15712,0.402134322252023,1.97684179151381,0.00558659217877095,1,1
skyblue,12,82,25,0,0,0,107,15712,1,0,0,1,1
skyblue,17,82,65,0,0,0,147,15712,1,0,0,1,1
skyblue,1,82,20,0,0,0,102,15712,1,0,0,1,1
skyblue,6,82,47,0.012,0.021,1,128,15712,0.218307786453865,4.18167793543175,0.0078125,1,1
skyblue,10,82,24,0.012,0.042,1,105,15712,0.118098425207652,8.37308708612468,0.00952380952380953,1,1
darkseagreen4,4,40,70,0,0,0,110,15712,1,0,0,1,1
darkseagreen4,15,40,42,0,0,0,82,15712,1,0,0,1,1
darkseagreen4,7,40,55,0,0,0,95,15712,1,0,0,1,1
darkseagreen4,3,40,103,0,0,0,143,15712,1,0,0,1,1
darkseagreen4,13,40,54,0,0,0,94,15712,1,0,0,1,1
darkseagreen4,5,40,104,0,0,0,144,15712,1,0,0,1,1
darkseagreen4,8,40,63,0,0,0,103,15712,1,0,0,1,1
darkseagreen4,2,40,56,0,0,0,96,15712,1,0,0,1,1
darkseagreen4,14,40,76,0,0,0,116,15712,1,0,0,1,1
darkseagreen4,9,40,46,0,0,0,86,15712,1,0,0,1,1
darkseagreen4,11,40,98,0,0,0,138,15712,1,0,0,1,1
darkseagreen4,12,40,25,0,0,0,65,15712,1,0,0,1,1
darkseagreen4,16,40,52,0,0,0,92,15712,1,0,0,1,1
darkseagreen4,17,40,65,0,0,0,105,15712,1,0,0,1,1
darkseagreen4,1,40,20,0,0,0,60,15712,1,0,0,1,1
darkseagreen4,6,40,47,0,0,0,87,15712,1,0,0,1,1
darkseagreen4,10,40,24,0,0,0,64,15712,1,0,0,1,1
steelblue,4,77,70,0,0,0,147,15712,1,0,0,1,1
steelblue,15,77,42,0,0,0,119,15712,1,0,0,1,1
steelblue,7,77,55,0,0,0,132,15712,1,0,0,1,1
steelblue,3,77,103,0,0,0,180,15712,1,0,0,1,1
steelblue,13,77,54,0,0,0,131,15712,1,0,0,1,1
steelblue,5,77,104,0,0,0,181,15712,1,0,0,1,1
steelblue,8,77,63,0,0,0,140,15712,1,0,0,1,1
steelblue,14,77,76,0,0,0,153,15712,1,0,0,1,1
steelblue,9,77,46,0,0,0,123,15712,1,0,0,1,1
steelblue,11,77,98,0.013,0.01,1,174,15712,0.383037207264313,2.10756835671264,0.00574712643678161,1,1
steelblue,12,77,25,0,0,0,102,15712,1,0,0,1,1
steelblue,16,77,52,0.013,0.019,1,128,15712,0.225765203941264,4.01955133504904,0.0078125,1,1
steelblue,17,77,65,0,0,0,142,15712,1,0,0,1,1
steelblue,1,77,20,0,0,0,97,15712,1,0,0,1,1
steelblue,6,77,47,0,0,0,124,15712,1,0,0,1,1
steelblue,10,77,24,0.013,0.042,1,100,15712,0.111297596963561,8.92731264976559,0.01,1,1
lightpink4,4,43,70,0.023,0.014,1,112,15712,0.174906858392385,5.38229811526267,0.00892857142857143,1,1
lightpink4,15,43,42,0,0,0,85,15712,1,0,0,1,1
lightpink4,7,43,55,0,0,0,98,15712,1,0,0,1,1
lightpink4,3,43,103,0,0,0,146,15712,1,0,0,1,1
lightpink4,5,43,104,0,0,0,147,15712,1,0,0,1,1
lightpink4,8,43,63,0,0,0,106,15712,1,0,0,1,1
lightpink4,2,43,56,0,0,0,99,15712,1,0,0,1,1
lightpink4,14,43,76,0.023,0.013,1,118,15712,0.188424948521502,4.94978233005491,0.00847457627118644,1,1
lightpink4,9,43,46,0,0,0,89,15712,1,0,0,1,1
lightpink4,11,43,98,0.023,0.01,1,140,15712,0.236165350395977,3.8216522797028,0.00714285714285714,1,1
lightpink4,12,43,25,0,0,0,68,15712,1,0,0,1,1
lightpink4,16,43,52,0,0,0,95,15712,1,0,0,1,1
lightpink4,17,43,65,0,0,0,108,15712,1,0,0,1,1
lightpink4,1,43,20,0,0,0,63,15712,1,0,0,1,1
lightpink4,10,43,24,0,0,0,67,15712,1,0,0,1,1
royalblue,4,117,70,0.009,0.014,1,186,15712,0.408068691803424,1.93966809540151,0.00537634408602151,1,1
royalblue,15,117,42,0,0,0,159,15712,1,0,0,1,1
royalblue,7,117,55,0.009,0.018,1,171,15712,0.337545111276393,2.4807687081966,0.00584795321637427,1,1
royalblue,3,117,103,0,0,0,220,15712,1,0,0,1,1
royalblue,13,117,54,0.009,0.019,1,170,15712,0.332557837485735,2.52766834068922,0.00588235294117647,1,1
royalblue,5,117,104,0,0,0,221,15712,1,0,0,1,1
royalblue,8,117,63,0,0,0,180,15712,1,0,0,1,1
royalblue,2,117,56,0.009,0.018,1,172,15712,0.342495435219716,2.43551640358617,0.00581395348837209,1,1
royalblue,9,117,46,0,0,0,163,15712,1,0,0,1,1
royalblue,11,117,98,0.017,0.02,2,213,15712,0.165546863993435,2.80742764071147,0.00938967136150235,1,1
royalblue,12,117,25,0,0,0,142,15712,1,0,0,1,1
royalblue,16,117,52,0,0,0,169,15712,1,0,0,1,1
royalblue,17,117,65,0,0,0,182,15712,1,0,0,1,1
royalblue,1,117,20,0,0,0,137,15712,1,0,0,1,1
royalblue,6,117,47,0,0,0,164,15712,1,0,0,1,1
royalblue,10,117,24,0,0,0,141,15712,1,0,0,1,1
plum,4,35,70,0,0,0,105,15712,1,0,0,1,1
plum,15,35,42,0,0,0,77,15712,1,0,0,1,1
plum,7,35,55,0,0,0,90,15712,1,0,0,1,1
plum,3,35,103,0,0,0,138,15712,1,0,0,1,1
plum,13,35,54,0,0,0,89,15712,1,0,0,1,1
plum,5,35,104,0,0,0,139,15712,1,0,0,1,1
plum,8,35,63,0.029,0.016,1,97,15712,0.131313851816229,7.4049334097036,0.0103092783505155,1,1
plum,2,35,56,0,0,0,91,15712,1,0,0,1,1
plum,14,35,76,0,0,0,111,15712,1,0,0,1,1
plum,9,35,46,0,0,0,81,15712,1,0,0,1,1
plum,11,35,98,0,0,0,133,15712,1,0,0,1,1
plum,12,35,25,0,0,0,60,15712,1,0,0,1,1
plum,16,35,52,0,0,0,87,15712,1,0,0,1,1
plum,17,35,65,0,0,0,100,15712,1,0,0,1,1
plum,1,35,20,0,0,0,55,15712,1,0,0,1,1
plum,6,35,47,0,0,0,82,15712,1,0,0,1,1
plum,10,35,24,0,0,0,59,15712,1,0,0,1,1
lightcyan1,4,59,70,0,0,0,129,15712,1,0,0,1,1
lightcyan1,15,59,42,0.017,0.024,1,100,15712,0.146336015337319,6.56287339793801,0.01,1,1
lightcyan1,7,59,55,0,0,0,114,15712,1,0,0,1,1
lightcyan1,3,59,103,0,0,0,162,15712,1,0,0,1,1
lightcyan1,13,59,54,0.017,0.019,1,112,15712,0.184130365165138,5.07414585025393,0.00892857142857143,1,1
lightcyan1,5,59,104,0,0,0,163,15712,1,0,0,1,1
lightcyan1,8,59,63,0,0,0,122,15712,1,0,0,1,1
lightcyan1,2,59,56,0,0,0,115,15712,1,0,0,1,1
lightcyan1,9,59,46,0,0,0,105,15712,1,0,0,1,1
lightcyan1,11,59,98,0,0,0,157,15712,1,0,0,1,1
lightcyan1,12,59,25,0,0,0,84,15712,1,0,0,1,1
lightcyan1,16,59,52,0,0,0,111,15712,1,0,0,1,1
lightcyan1,17,59,65,0,0,0,124,15712,1,0,0,1,1
lightcyan1,1,59,20,0,0,0,79,15712,1,0,0,1,1
lightcyan1,6,59,47,0.017,0.021,1,105,15712,0.162288363989972,5.84783360134454,0.00952380952380953,1,1
lightcyan1,10,59,24,0,0,0,83,15712,1,0,0,1,1
ivory,15,58,42,0,0,0,100,15712,1,0,0,1,1
ivory,7,58,55,0.017,0.018,1,112,15712,0.184338787603467,5.06753445545088,0.00892857142857143,1,1
ivory,3,58,103,0.017,0.01,1,160,15712,0.317618648606095,2.6745821877803,0.00625,1,1
ivory,13,58,54,0,0,0,112,15712,1,0,0,1,1
ivory,5,58,104,0,0,0,162,15712,1,0,0,1,1
ivory,8,58,63,0,0,0,121,15712,1,0,0,1,1
ivory,2,58,56,0,0,0,114,15712,1,0,0,1,1
ivory,9,58,46,0,0,0,104,15712,1,0,0,1,1
ivory,11,58,98,0,0,0,156,15712,1,0,0,1,1
ivory,12,58,25,0,0,0,83,15712,1,0,0,1,1
ivory,16,58,52,0,0,0,110,15712,1,0,0,1,1
ivory,1,58,20,0,0,0,78,15712,1,0,0,1,1
ivory,6,58,47,0.017,0.021,1,104,15712,0.159765621189142,5.95076522482336,0.00961538461538462,1,1
ivory,10,58,24,0,0,0,82,15712,1,0,0,1,1
mediumpurple2,4,33,70,0.03,0.014,1,102,15712,0.1371379583582,7.06823534374861,0.00980392156862745,1,1
mediumpurple2,15,33,42,0,0,0,75,15712,1,0,0,1,1
mediumpurple2,7,33,55,0,0,0,88,15712,1,0,0,1,1
mediumpurple2,3,33,103,0,0,0,136,15712,1,0,0,1,1
mediumpurple2,13,33,54,0,0,0,87,15712,1,0,0,1,1
mediumpurple2,5,33,104,0,0,0,137,15712,1,0,0,1,1
mediumpurple2,8,33,63,0.03,0.016,1,95,15712,0.124290365587344,7.8681822895783,0.0105263157894737,1,1
mediumpurple2,2,33,56,0,0,0,89,15712,1,0,0,1,1
mediumpurple2,14,33,76,0,0,0,109,15712,1,0,0,1,1
mediumpurple2,9,33,46,0,0,0,79,15712,1,0,0,1,1
mediumpurple2,11,33,98,0,0,0,131,15712,1,0,0,1,1
mediumpurple2,12,33,25,0,0,0,58,15712,1,0,0,1,1
mediumpurple2,16,33,52,0,0,0,85,15712,1,0,0,1,1
mediumpurple2,17,33,65,0,0,0,98,15712,1,0,0,1,1
mediumpurple2,1,33,20,0,0,0,53,15712,1,0,0,1,1
mediumpurple2,6,33,47,0,0,0,80,15712,1,0,0,1,1
mediumpurple2,10,33,24,0,0,0,57,15712,1,0,0,1,1
antiquewhite4,4,39,70,0,0,0,109,15712,1,0,0,1,1
antiquewhite4,15,39,42,0,0,0,81,15712,1,0,0,1,1
antiquewhite4,7,39,55,0,0,0,94,15712,1,0,0,1,1
antiquewhite4,3,39,103,0,0,0,142,15712,1,0,0,1,1
antiquewhite4,13,39,54,0,0,0,93,15712,1,0,0,1,1
antiquewhite4,5,39,104,0,0,0,143,15712,1,0,0,1,1
antiquewhite4,8,39,63,0,0,0,102,15712,1,0,0,1,1
antiquewhite4,2,39,56,0,0,0,95,15712,1,0,0,1,1
antiquewhite4,14,39,76,0,0,0,115,15712,1,0,0,1,1
antiquewhite4,9,39,46,0,0,0,85,15712,1,0,0,1,1
antiquewhite4,11,39,98,0,0,0,137,15712,1,0,0,1,1
antiquewhite4,12,39,25,0,0,0,64,15712,1,0,0,1,1
antiquewhite4,16,39,52,0,0,0,91,15712,1,0,0,1,1
antiquewhite4,17,39,65,0,0,0,104,15712,1,0,0,1,1
antiquewhite4,1,39,20,0,0,0,59,15712,1,0,0,1,1
antiquewhite4,6,39,47,0,0,0,86,15712,1,0,0,1,1
antiquewhite4,10,39,24,0,0,0,63,15712,1,0,0,1,1
lavenderblush3,4,41,70,0,0,0,111,15712,1,0,0,1,1
lavenderblush3,15,41,42,0,0,0,83,15712,1,0,0,1,1
lavenderblush3,7,41,55,0.024,0.018,1,95,15712,0.134074419663149,7.2279459883923,0.0105263157894737,1,1
lavenderblush3,3,41,103,0,0,0,144,15712,1,0,0,1,1
lavenderblush3,13,41,54,0,0,0,95,15712,1,0,0,1,1
lavenderblush3,5,41,104,0,0,0,145,15712,1,0,0,1,1
lavenderblush3,8,41,63,0.024,0.016,1,103,15712,0.152053367998706,6.29179526599647,0.00970873786407767,1,1
lavenderblush3,2,41,56,0,0,0,97,15712,1,0,0,1,1
lavenderblush3,14,41,76,0.024,0.013,1,116,15712,0.180495229402788,5.1980812577499,0.00862068965517241,1,1
lavenderblush3,9,41,46,0,0,0,87,15712,1,0,0,1,1
lavenderblush3,11,41,98,0,0,0,139,15712,1,0,0,1,1
lavenderblush3,16,41,52,0,0,0,93,15712,1,0,0,1,1
lavenderblush3,1,41,20,0,0,0,61,15712,1,0,0,1,1
lavenderblush3,6,41,47,0,0,0,88,15712,1,0,0,1,1
lavenderblush3,10,41,24,0,0,0,65,15712,1,0,0,1,1
sienna3,4,72,70,0,0,0,142,15712,1,0,0,1,1
sienna3,15,72,42,0.014,0.024,1,113,15712,0.175649446031368,5.35793709945289,0.00884955752212389,1,1
sienna3,7,72,55,0.014,0.018,1,126,15712,0.223572508968922,4.06441322625034,0.00793650793650794,1,1
sienna3,5,72,104,0,0,0,176,15712,1,0,0,1,1
sienna3,8,72,63,0,0,0,135,15712,1,0,0,1,1
sienna3,9,72,46,0.014,0.022,1,117,15712,0.190697569696896,4.87930846233293,0.00854700854700855,1,1
sienna3,11,72,98,0,0,0,170,15712,1,0,0,1,1
sienna3,12,72,25,0,0,0,97,15712,1,0,0,1,1
sienna3,16,72,52,0,0,0,124,15712,1,0,0,1,1
sienna3,1,72,20,0,0,0,92,15712,1,0,0,1,1
sienna3,10,72,24,0,0,0,96,15712,1,0,0,1,1
yellow4,4,38,70,0,0,0,108,15712,1,0,0,1,1
yellow4,15,38,42,0,0,0,80,15712,1,0,0,1,1
yellow4,7,38,55,0,0,0,93,15712,1,0,0,1,1
yellow4,3,38,103,0,0,0,141,15712,1,0,0,1,1
yellow4,13,38,54,0,0,0,92,15712,1,0,0,1,1
yellow4,5,38,104,0,0,0,142,15712,1,0,0,1,1
yellow4,2,38,56,0,0,0,94,15712,1,0,0,1,1
yellow4,14,38,76,0,0,0,114,15712,1,0,0,1,1
yellow4,9,38,46,0.026,0.022,1,83,15712,0.105550925402235,9.38181768080836,0.0120481927710843,1,1
yellow4,11,38,98,0,0,0,136,15712,1,0,0,1,1
yellow4,12,38,25,0,0,0,63,15712,1,0,0,1,1
yellow4,16,38,52,0,0,0,90,15712,1,0,0,1,1
yellow4,17,38,65,0,0,0,103,15712,1,0,0,1,1
yellow4,1,38,20,0,0,0,58,15712,1,0,0,1,1
yellow4,6,38,47,0,0,0,85,15712,1,0,0,1,1
salmon4,4,46,70,0,0,0,116,15712,1,0,0,1,1
salmon4,15,46,42,0,0,0,88,15712,1,0,0,1,1
salmon4,7,46,55,0,0,0,101,15712,1,0,0,1,1
salmon4,3,46,103,0,0,0,149,15712,1,0,0,1,1
salmon4,13,46,54,0,0,0,100,15712,1,0,0,1,1
salmon4,5,46,104,0,0,0,150,15712,1,0,0,1,1
salmon4,8,46,63,0,0,0,109,15712,1,0,0,1,1
salmon4,2,46,56,0,0,0,102,15712,1,0,0,1,1
salmon4,14,46,76,0,0,0,122,15712,1,0,0,1,1
salmon4,9,46,46,0,0,0,92,15712,1,0,0,1,1
salmon4,11,46,98,0,0,0,144,15712,1,0,0,1,1
salmon4,12,46,25,0,0,0,71,15712,1,0,0,1,1
salmon4,16,46,52,0,0,0,98,15712,1,0,0,1,1
salmon4,17,46,65,0,0,0,111,15712,1,0,0,1,1
salmon4,1,46,20,0,0,0,66,15712,1,0,0,1,1
salmon4,6,46,47,0,0,0,93,15712,1,0,0,1,1
salmon4,10,46,24,0,0,0,70,15712,1,0,0,1,1
brown4,4,55,70,0,0,0,125,15712,1,0,0,1,1
brown4,15,55,42,0,0,0,97,15712,1,0,0,1,1
brown4,7,55,55,0,0,0,110,15712,1,0,0,1,1
brown4,3,55,103,0.018,0.01,1,157,15712,0.303971421897712,2.8236983535645,0.00636942675159236,1,1
brown4,13,55,54,0,0,0,109,15712,1,0,0,1,1
brown4,5,55,104,0,0,0,159,15712,1,0,0,1,1
brown4,8,55,63,0,0,0,118,15712,1,0,0,1,1
brown4,2,55,56,0,0,0,111,15712,1,0,0,1,1
brown4,14,55,76,0,0,0,131,15712,1,0,0,1,1
brown4,9,55,46,0,0,0,101,15712,1,0,0,1,1
brown4,12,55,25,0,0,0,80,15712,1,0,0,1,1
brown4,16,55,52,0,0,0,107,15712,1,0,0,1,1
brown4,17,55,65,0,0,0,120,15712,1,0,0,1,1
brown4,1,55,20,0,0,0,75,15712,1,0,0,1,1
brown4,6,55,47,0,0,0,102,15712,1,0,0,1,1
brown4,10,55,24,0,0,0,79,15712,1,0,0,1,1
palevioletred3,4,45,70,0,0,0,115,15712,1,0,0,1,1
palevioletred3,15,45,42,0,0,0,87,15712,1,0,0,1,1
palevioletred3,7,45,55,0,0,0,100,15712,1,0,0,1,1
palevioletred3,3,45,103,0,0,0,148,15712,1,0,0,1,1
palevioletred3,13,45,54,0,0,0,99,15712,1,0,0,1,1
palevioletred3,5,45,104,0,0,0,149,15712,1,0,0,1,1
palevioletred3,8,45,63,0,0,0,108,15712,1,0,0,1,1
palevioletred3,2,45,56,0,0,0,101,15712,1,0,0,1,1
palevioletred3,14,45,76,0,0,0,121,15712,1,0,0,1,1
palevioletred3,9,45,46,0,0,0,91,15712,1,0,0,1,1
palevioletred3,11,45,98,0,0,0,143,15712,1,0,0,1,1
palevioletred3,12,45,25,0,0,0,70,15712,1,0,0,1,1
palevioletred3,16,45,52,0,0,0,97,15712,1,0,0,1,1
palevioletred3,17,45,65,0,0,0,110,15712,1,0,0,1,1
palevioletred3,1,45,20,0,0,0,65,15712,1,0,0,1,1
palevioletred3,6,45,47,0,0,0,92,15712,1,0,0,1,1
palevioletred3,10,45,24,0,0,0,69,15712,1,0,0,1,1
lightsteelblue1,4,62,70,0,0,0,132,15712,1,0,0,1,1
lightsteelblue1,15,62,42,0,0,0,104,15712,1,0,0,1,1
lightsteelblue1,7,62,55,0,0,0,117,15712,1,0,0,1,1
lightsteelblue1,3,62,103,0,0,0,165,15712,1,0,0,1,1
lightsteelblue1,13,62,54,0,0,0,116,15712,1,0,0,1,1
lightsteelblue1,5,62,104,0,0,0,166,15712,1,0,0,1,1
lightsteelblue1,2,62,56,0.016,0.018,1,117,15712,0.19892760641954,4.64716617453197,0.00854700854700855,1,1
lightsteelblue1,14,62,76,0,0,0,138,15712,1,0,0,1,1
lightsteelblue1,9,62,46,0,0,0,108,15712,1,0,0,1,1
lightsteelblue1,11,62,98,0,0,0,160,15712,1,0,0,1,1
lightsteelblue1,12,62,25,0,0,0,87,15712,1,0,0,1,1
lightsteelblue1,16,62,52,0,0,0,114,15712,1,0,0,1,1
lightsteelblue1,17,62,65,0,0,0,127,15712,1,0,0,1,1
lightsteelblue1,1,62,20,0,0,0,82,15712,1,0,0,1,1
lightsteelblue1,6,62,47,0,0,0,109,15712,1,0,0,1,1
lightsteelblue1,10,62,24,0,0,0,86,15712,1,0,0,1,1
mediumpurple3,15,63,42,0.016,0.024,1,104,15712,0.15546225306131,6.13797031317747,0.00961538461538462,1,1
mediumpurple3,3,63,103,0,0,0,166,15712,1,0,0,1,1
mediumpurple3,13,63,54,0,0,0,117,15712,1,0,0,1,1
mediumpurple3,5,63,104,0.016,0.01,1,166,15712,0.342442320925138,2.43416757981463,0.00602409638554217,1,1
mediumpurple3,8,63,63,0,0,0,126,15712,1,0,0,1,1
mediumpurple3,2,63,56,0,0,0,119,15712,1,0,0,1,1
mediumpurple3,9,63,46,0,0,0,109,15712,1,0,0,1,1
mediumpurple3,11,63,98,0,0,0,161,15712,1,0,0,1,1
mediumpurple3,12,63,25,0,0,0,88,15712,1,0,0,1,1
mediumpurple3,17,63,65,0,0,0,128,15712,1,0,0,1,1
mediumpurple3,1,63,20,0,0,0,83,15712,1,0,0,1,1
mediumpurple3,6,63,47,0.016,0.021,1,109,15712,0.172305411344099,5.47008475437639,0.0091743119266055,1,1
mediumpurple3,10,63,24,0,0,0,87,15712,1,0,0,1,1
floralwhite,4,56,70,0,0,0,126,15712,1,0,0,1,1
floralwhite,15,56,42,0,0,0,98,15712,1,0,0,1,1
floralwhite,7,56,55,0,0,0,111,15712,1,0,0,1,1
floralwhite,3,56,103,0,0,0,159,15712,1,0,0,1,1
floralwhite,13,56,54,0.018,0.019,1,109,15712,0.175629057921863,5.35195422924118,0.0091743119266055,1,1
floralwhite,5,56,104,0,0,0,160,15712,1,0,0,1,1
floralwhite,8,56,63,0,0,0,119,15712,1,0,0,1,1
floralwhite,2,56,56,0,0,0,112,15712,1,0,0,1,1
floralwhite,14,56,76,0,0,0,132,15712,1,0,0,1,1
floralwhite,9,56,46,0,0,0,102,15712,1,0,0,1,1
floralwhite,11,56,98,0,0,0,154,15712,1,0,0,1,1
floralwhite,12,56,25,0,0,0,81,15712,1,0,0,1,1
floralwhite,16,56,52,0.018,0.019,1,107,15712,0.169701206597954,5.5616269725882,0.00934579439252336,1,1
floralwhite,17,56,65,0,0,0,121,15712,1,0,0,1,1
floralwhite,1,56,20,0,0,0,76,15712,1,0,0,1,1
floralwhite,6,56,47,0,0,0,103,15712,1,0,0,1,1
floralwhite,10,56,24,0,0,0,80,15712,1,0,0,1,1
orangered4,4,64,70,0.016,0.014,1,133,15712,0.248996669986637,3.58358734491692,0.0075187969924812,1,1
orangered4,15,64,42,0,0,0,106,15712,1,0,0,1,1
orangered4,7,64,55,0,0,0,119,15712,1,0,0,1,1
orangered4,3,64,103,0.016,0.01,1,166,15712,0.34412308692699,2.41906190281746,0.00602409638554217,1,1
orangered4,13,64,54,0.016,0.019,1,117,15712,0.198108383162174,4.66941171210819,0.00854700854700855,1,1
orangered4,5,64,104,0,0,0,168,15712,1,0,0,1,1
orangered4,8,64,63,0,0,0,127,15712,1,0,0,1,1
orangered4,2,64,56,0,0,0,120,15712,1,0,0,1,1
orangered4,9,64,46,0.016,0.022,1,109,15712,0.171406260726994,5.5028575496762,0.0091743119266055,1,1
orangered4,11,64,98,0.016,0.01,1,161,15712,0.330512616268371,2.54450417936366,0.0062111801242236,1,1
orangered4,12,64,25,0.016,0.04,1,88,15712,0.0970780218387767,10.3298729471988,0.0113636363636364,1,1
orangered4,16,64,52,0,0,0,116,15712,1,0,0,1,1
orangered4,17,64,65,0.016,0.015,1,128,15712,0.233445456108239,3.86440182550249,0.0078125,1,1
orangered4,1,64,20,0,0,0,84,15712,1,0,0,1,1
orangered4,6,64,47,0,0,0,111,15712,1,0,0,1,1
orangered4,10,64,24,0,0,0,88,15712,1,0,0,1,1
darkslateblue,4,51,70,0,0,0,121,15712,1,0,0,1,1
darkslateblue,15,51,42,0,0,0,93,15712,1,0,0,1,1
darkslateblue,7,51,55,0,0,0,106,15712,1,0,0,1,1
darkslateblue,3,51,103,0,0,0,154,15712,1,0,0,1,1
darkslateblue,13,51,54,0,0,0,105,15712,1,0,0,1,1
darkslateblue,5,51,104,0,0,0,155,15712,1,0,0,1,1
darkslateblue,8,51,63,0,0,0,114,15712,1,0,0,1,1
darkslateblue,2,51,56,0,0,0,107,15712,1,0,0,1,1
darkslateblue,14,51,76,0,0,0,127,15712,1,0,0,1,1
darkslateblue,9,51,46,0,0,0,97,15712,1,0,0,1,1
darkslateblue,11,51,98,0,0,0,149,15712,1,0,0,1,1
darkslateblue,12,51,25,0,0,0,76,15712,1,0,0,1,1
darkslateblue,16,51,52,0,0,0,103,15712,1,0,0,1,1
darkslateblue,17,51,65,0,0,0,116,15712,1,0,0,1,1
darkslateblue,1,51,20,0,0,0,71,15712,1,0,0,1,1
darkslateblue,6,51,47,0,0,0,98,15712,1,0,0,1,1
darkslateblue,10,51,24,0,0,0,75,15712,1,0,0,1,1
honeydew1,4,41,70,0,0,0,111,15712,1,0,0,1,1
honeydew1,15,41,42,0,0,0,83,15712,1,0,0,1,1
honeydew1,7,41,55,0.024,0.018,1,95,15712,0.134074419663149,7.2279459883923,0.0105263157894737,1,1
honeydew1,3,41,103,0,0,0,144,15712,1,0,0,1,1
honeydew1,13,41,54,0,0,0,95,15712,1,0,0,1,1
honeydew1,5,41,104,0,0,0,145,15712,1,0,0,1,1
honeydew1,8,41,63,0,0,0,104,15712,1,0,0,1,1
honeydew1,2,41,56,0,0,0,97,15712,1,0,0,1,1
honeydew1,14,41,76,0,0,0,117,15712,1,0,0,1,1
honeydew1,9,41,46,0,0,0,87,15712,1,0,0,1,1
honeydew1,11,41,98,0,0,0,139,15712,1,0,0,1,1
honeydew1,12,41,25,0,0,0,66,15712,1,0,0,1,1
honeydew1,16,41,52,0,0,0,93,15712,1,0,0,1,1
honeydew1,17,41,65,0,0,0,106,15712,1,0,0,1,1
honeydew1,1,41,20,0,0,0,61,15712,1,0,0,1,1
honeydew1,6,41,47,0,0,0,88,15712,1,0,0,1,1
honeydew1,10,41,24,0,0,0,65,15712,1,0,0,1,1
lightcoral,4,32,70,0,0,0,102,15712,1,0,0,1,1
lightcoral,15,32,42,0,0,0,74,15712,1,0,0,1,1
lightcoral,7,32,55,0,0,0,87,15712,1,0,0,1,1
lightcoral,3,32,103,0,0,0,135,15712,1,0,0,1,1
lightcoral,13,32,54,0,0,0,86,15712,1,0,0,1,1
lightcoral,5,32,104,0.031,0.01,1,135,15712,0.191623509026728,4.87693529812582,0.00740740740740741,1,1
lightcoral,8,32,63,0,0,0,95,15712,1,0,0,1,1
lightcoral,2,32,56,0,0,0,88,15712,1,0,0,1,1
lightcoral,14,32,76,0,0,0,108,15712,1,0,0,1,1
lightcoral,9,32,46,0,0,0,78,15712,1,0,0,1,1
lightcoral,11,32,98,0,0,0,130,15712,1,0,0,1,1
lightcoral,12,32,25,0,0,0,57,15712,1,0,0,1,1
lightcoral,16,32,52,0,0,0,84,15712,1,0,0,1,1
lightcoral,1,32,20,0,0,0,52,15712,1,0,0,1,1
lightcoral,6,32,47,0,0,0,79,15712,1,0,0,1,1
lightcoral,10,32,24,0,0,0,56,15712,1,0,0,1,1
lightsteelblue,4,32,70,0,0,0,102,15712,1,0,0,1,1
lightsteelblue,15,32,42,0,0,0,74,15712,1,0,0,1,1
lightsteelblue,7,32,55,0,0,0,87,15712,1,0,0,1,1
lightsteelblue,3,32,103,0,0,0,135,15712,1,0,0,1,1
lightsteelblue,13,32,54,0,0,0,86,15712,1,0,0,1,1
lightsteelblue,5,32,104,0.031,0.01,1,135,15712,0.191623509026728,4.87693529812582,0.00740740740740741,1,1
lightsteelblue,8,32,63,0,0,0,95,15712,1,0,0,1,1
lightsteelblue,2,32,56,0,0,0,88,15712,1,0,0,1,1
lightsteelblue,14,32,76,0,0,0,108,15712,1,0,0,1,1
lightsteelblue,9,32,46,0,0,0,78,15712,1,0,0,1,1
lightsteelblue,11,32,98,0.031,0.01,1,129,15712,0.181609871783592,5.18165928019408,0.00775193798449612,1,1
lightsteelblue,12,32,25,0,0,0,57,15712,1,0,0,1,1
lightsteelblue,16,32,52,0,0,0,84,15712,1,0,0,1,1
lightsteelblue,17,32,65,0,0,0,97,15712,1,0,0,1,1
lightsteelblue,1,32,20,0,0,0,52,15712,1,0,0,1,1
lightsteelblue,6,32,47,0,0,0,79,15712,1,0,0,1,1
lightsteelblue,10,32,24,0,0,0,56,15712,1,0,0,1,1
thistle2,4,49,70,0,0,0,119,15712,1,0,0,1,1
thistle2,15,49,42,0,0,0,91,15712,1,0,0,1,1
thistle2,7,49,55,0,0,0,104,15712,1,0,0,1,1
thistle2,3,49,103,0,0,0,152,15712,1,0,0,1,1
thistle2,13,49,54,0,0,0,103,15712,1,0,0,1,1
thistle2,8,49,63,0,0,0,112,15712,1,0,0,1,1
thistle2,2,49,56,0,0,0,105,15712,1,0,0,1,1
thistle2,14,49,76,0,0,0,125,15712,1,0,0,1,1
thistle2,9,49,46,0,0,0,95,15712,1,0,0,1,1
thistle2,11,49,98,0,0,0,147,15712,1,0,0,1,1
thistle2,12,49,25,0,0,0,74,15712,1,0,0,1,1
thistle2,16,49,52,0.02,0.019,1,100,15712,0.1501428817878,6.37525185900289,0.01,1,1
thistle2,17,49,65,0,0,0,114,15712,1,0,0,1,1
thistle2,1,49,20,0,0,0,69,15712,1,0,0,1,1
thistle2,6,49,47,0,0,0,96,15712,1,0,0,1,1
indianred4,4,32,70,0,0,0,102,15712,1,0,0,1,1
indianred4,15,32,42,0,0,0,74,15712,1,0,0,1,1
indianred4,7,32,55,0,0,0,87,15712,1,0,0,1,1
indianred4,3,32,103,0,0,0,135,15712,1,0,0,1,1
indianred4,13,32,54,0,0,0,86,15712,1,0,0,1,1
indianred4,5,32,104,0,0,0,136,15712,1,0,0,1,1
indianred4,8,32,63,0,0,0,95,15712,1,0,0,1,1
indianred4,14,32,76,0,0,0,108,15712,1,0,0,1,1
indianred4,9,32,46,0,0,0,78,15712,1,0,0,1,1
indianred4,11,32,98,0,0,0,130,15712,1,0,0,1,1
indianred4,12,32,25,0,0,0,57,15712,1,0,0,1,1
indianred4,16,32,52,0.031,0.019,1,83,15712,0.100743455217461,9.87909821982767,0.0120481927710843,1,1
indianred4,17,32,65,0,0,0,97,15712,1,0,0,1,1
indianred4,1,32,20,0,0,0,52,15712,1,0,0,1,1
indianred4,6,32,47,0,0,0,79,15712,1,0,0,1,1
indianred4,10,32,24,0,0,0,56,15712,1,0,0,1,1
skyblue1,4,35,70,0,0,0,105,15712,1,0,0,1,1
skyblue1,15,35,42,0,0,0,77,15712,1,0,0,1,1
skyblue1,7,35,55,0,0,0,90,15712,1,0,0,1,1
skyblue1,3,35,103,0,0,0,138,15712,1,0,0,1,1
skyblue1,13,35,54,0,0,0,89,15712,1,0,0,1,1
skyblue1,2,35,56,0.029,0.018,1,90,15712,0.117594789712057,8.35214300645029,0.0111111111111111,1,1
skyblue1,14,35,76,0,0,0,111,15712,1,0,0,1,1
skyblue1,9,35,46,0.029,0.022,1,80,15712,0.097630413413886,10.2121436746338,0.0125,1,1
skyblue1,11,35,98,0,0,0,133,15712,1,0,0,1,1
skyblue1,12,35,25,0,0,0,60,15712,1,0,0,1,1
skyblue1,16,35,52,0.029,0.019,1,86,15712,0.10966106976047,9.00799130613711,0.0116279069767442,1,1
skyblue1,17,35,65,0.029,0.015,1,99,15712,0.135195375778081,7.17317913363475,0.0101010101010101,1,1
skyblue1,1,35,20,0,0,0,55,15712,1,0,0,1,1
skyblue1,6,35,47,0,0,0,82,15712,1,0,0,1,1
skyblue1,10,35,24,0,0,0,59,15712,1,0,0,1,1
mediumorchid,4,39,70,0,0,0,109,15712,1,0,0,1,1
mediumorchid,15,39,42,0,0,0,81,15712,1,0,0,1,1
mediumorchid,7,39,55,0,0,0,94,15712,1,0,0,1,1
mediumorchid,3,39,103,0,0,0,142,15712,1,0,0,1,1
mediumorchid,13,39,54,0.026,0.019,1,92,15712,0.125787200155914,7.75253895161568,0.0108695652173913,1,1
mediumorchid,5,39,104,0,0,0,143,15712,1,0,0,1,1
mediumorchid,8,39,63,0,0,0,102,15712,1,0,0,1,1
mediumorchid,2,39,56,0,0,0,95,15712,1,0,0,1,1
mediumorchid,14,39,76,0,0,0,115,15712,1,0,0,1,1
mediumorchid,9,39,46,0,0,0,85,15712,1,0,0,1,1
mediumorchid,11,39,98,0,0,0,137,15712,1,0,0,1,1
mediumorchid,12,39,25,0,0,0,64,15712,1,0,0,1,1
mediumorchid,16,39,52,0,0,0,91,15712,1,0,0,1,1
mediumorchid,17,39,65,0,0,0,104,15712,1,0,0,1,1
mediumorchid,1,39,20,0,0,0,59,15712,1,0,0,1,1
mediumorchid,6,39,47,0,0,0,86,15712,1,0,0,1,1
mediumorchid,10,39,24,0,0,0,63,15712,1,0,0,1,1
maroon,4,44,70,0,0,0,114,15712,1,0,0,1,1
maroon,15,44,42,0,0,0,86,15712,1,0,0,1,1
maroon,7,44,55,0,0,0,99,15712,1,0,0,1,1
maroon,3,44,103,0,0,0,147,15712,1,0,0,1,1
maroon,13,44,54,0,0,0,98,15712,1,0,0,1,1
maroon,5,44,104,0,0,0,148,15712,1,0,0,1,1
maroon,8,44,63,0.023,0.016,1,106,15712,0.162239612859473,5.85184536641035,0.00943396226415094,1,1
maroon,2,44,56,0,0,0,100,15712,1,0,0,1,1
maroon,14,44,76,0,0,0,120,15712,1,0,0,1,1
maroon,9,44,46,0,0,0,90,15712,1,0,0,1,1
maroon,11,44,98,0,0,0,142,15712,1,0,0,1,1
maroon,12,44,25,0,0,0,69,15712,1,0,0,1,1
maroon,16,44,52,0,0,0,96,15712,1,0,0,1,1
maroon,17,44,65,0,0,0,109,15712,1,0,0,1,1
maroon,1,44,20,0,0,0,64,15712,1,0,0,1,1
maroon,6,44,47,0,0,0,91,15712,1,0,0,1,1
maroon,10,44,24,0,0,0,68,15712,1,0,0,1,1
