Module1.name,Module2.name,Module1.size,Module2.size,Module1.proportion.overlap,Module2.proportion.overlap,intersection.size,union.size,genome.size,p.value,odds.ratio,Jaccard.index,FDR,Bonferroni
green,2,534,104,0.103,0.529,55,583,15712,3.06931376590072e-53,35.3810789584296,0.0943396226415094,3.44377004534061e-50,3.44377004534061e-50
pink,8,236,82,0.106,0.305,25,293,15712,2.56500908807098e-26,32.0023288667913,0.0853242320819113,1.43897009840782e-23,2.87794019681563e-23
lightyellow,2,130,104,0.146,0.183,19,215,15712,1.17310130363396e-20,31.1676206572495,0.0883720930232558,4.38739887559102e-18,1.3162196626773e-17
red,4,517,66,0.044,0.348,23,560,15712,4.55261657558191e-18,16.3933805697527,0.0410714285714286,1.27700894945073e-15,5.10803579780291e-15
pink,14,236,88,0.081,0.216,19,305,15712,3.90575066186506e-17,19.5253863731082,0.0622950819672131,7.30375373768766e-15,4.3822522426126e-14
skyblue1,14,35,88,0.314,0.125,11,112,15712,3.33239197083603e-17,92.2878070692187,0.0982142857142857,7.30375373768766e-15,3.73894379127802e-14
red,16,517,100,0.048,0.25,25,592,15712,1.17642732164512e-15,10.2390903462018,0.0422297297297297,1.88564493555118e-13,1.31995145488583e-12
yellowgreen,11,72,25,0.097,0.28,7,90,15712,1.41624670974482e-11,93.0018609141156,0.0777777777777778,1.98628601041711e-09,1.58902880833369e-08
darkmagenta,7,148,78,0.074,0.141,11,215,15712,1.61335566578935e-10,18.5541743550125,0.0511627906976744,2.01131673001739e-08,1.81018505701565e-07
darkmagenta,10,148,64,0.054,0.125,8,204,15712,1.45279992649749e-07,15.8128363604386,0.0392156862745098,1.63004151753018e-05,0.000163004151753018
darkmagenta,6,148,58,0.047,0.121,7,199,15712,1.14809059152485e-06,15.0914966965743,0.0351758793969849,0.000107346470307573,0.00128815764369088
darkmagenta,12,148,58,0.047,0.121,7,199,15712,1.14809059152485e-06,15.0914966965743,0.0351758793969849,0.000107346470307573,0.00128815764369088
sienna3,12,72,58,0.069,0.086,5,125,15712,6.65841380283756e-06,21.9170350262791,0.04,0.000574672329752595,0.00747074028678374
lavenderblush3,10,41,64,0.098,0.062,4,101,15712,2.26387396076989e-05,28.0942561981515,0.0396039603960396,0.00181433327427415,0.0254006658398381
plum1,13,69,80,0.072,0.062,5,144,15712,2.62628284360326e-05,16.2028906041318,0.0347222222222222,0.00196445956701524,0.0294668935052286
black,17,243,44,0.025,0.136,6,281,15712,5.55209161822297e-05,10.2766073587582,0.0213523131672598,0.00389340424727886,0.0622944679564617
skyblue3,16,70,100,0.071,0.05,5,165,15712,8.23581828012856e-05,12.5802302470763,0.0303030303030303,0.00543564006488485,0.0924058811030425
purple,3,225,53,0.027,0.113,6,272,15712,0.000105583748822901,8.99541179931557,0.0220588235294118,0.00658138700996086,0.118464966179295
mediumpurple3,7,63,78,0.063,0.051,4,137,15712,0.000268073540225176,14.2610484432771,0.0291970802919708,0.0158304480069814,0.300778512132647
white,6,90,58,0.044,0.069,4,144,15712,0.000337240708497345,13.4049884123887,0.0277777777777778,0.0189192037467011,0.378384074934022
darkmagenta,2,148,104,0.041,0.058,6,246,15712,0.000448623698389641,6.66597390705963,0.024390243902439,0.0228798086178717,0.503355789593177
sienna3,7,72,78,0.056,0.051,4,146,15712,0.000447633145378466,12.3653429713666,0.0273972602739726,0.0228798086178717,0.502244389114638
green,6,534,58,0.015,0.138,8,584,15712,0.000725267684014749,4.6007043601698,0.0136986301369863,0.0353804496288934,0.813750341464549
red,5,517,24,0.01,0.208,5,536,15712,0.000957031401538993,7.79881352541045,0.00932835820895522,0.0447412180219479,1
white,7,90,78,0.044,0.051,4,164,15712,0.00103932763890975,9.76727506541106,0.024390243902439,0.0466450244342697,1
sienna3,2,72,104,0.056,0.038,4,172,15712,0.00131951308107898,9.13720144625912,0.0232558139534884,0.0569420644988697,1
lightyellow,15,130,32,0.023,0.094,3,159,15712,0.00230358403990768,12.6601905744123,0.0188679245283019,0.0919524310264139,1
plum2,8,50,82,0.06,0.037,3,129,15712,0.00225043017335285,12.5805433364073,0.0232558139534884,0.0919524310264139,1
sienna3,6,72,58,0.042,0.052,3,127,15712,0.00237666711209091,12.3118488483205,0.0236220472440945,0.0919524310264139,1
steelblue,6,77,58,0.039,0.052,3,132,15712,0.00287731986847712,11.4768650299775,0.0227272727272727,0.107611763081044,1
green,12,534,58,0.013,0.121,7,585,15712,0.00337667500503518,3.93923961762356,0.011965811965812,0.122213850182241,1
mediumpurple3,13,63,80,0.048,0.038,3,140,15712,0.00405236017673295,10.1051844046065,0.0214285714285714,0.142085878696699,1
cyan,15,169,32,0.018,0.094,3,198,15712,0.0048223704669334,9.66409042858415,0.0151515151515152,0.159138225408802,1
purple,5,225,24,0.013,0.125,3,246,15712,0.00469692039123722,9.94802782847172,0.0121951219512195,0.159138225408802,1
skyblue3,9,70,24,0.029,0.083,2,92,15712,0.00506876379378072,20.857458378789,0.0217391304347826,0.162490085046342,1
lightyellow,14,130,88,0.031,0.045,4,214,15712,0.00610763163821533,5.85536585555793,0.0186915887850467,0.187609622632511,1
indianred4,6,32,58,0.062,0.034,2,88,15712,0.00618677008681185,18.5820522472461,0.0227272727272727,0.187609622632511,1
orange,4,92,66,0.033,0.045,3,155,15712,0.00681255113097577,8.32006520427477,0.0193548387096774,0.201149536025127,1
lightcoral,10,32,64,0.062,0.031,2,94,15712,0.00748831829687333,16.775840024404,0.0212765957446809,0.215433157156202,1
lightpink4,3,43,53,0.047,0.038,2,94,15712,0.00922843046844302,14.9268691554794,0.0212765957446809,0.258857474639827,1
orange,7,92,78,0.033,0.038,3,167,15712,0.0107709251655893,6.98538150554545,0.0179640718562874,0.293189519064927,1
lightpink4,12,43,58,0.047,0.034,2,99,15712,0.0109750087350507,13.5944464388465,0.0202020202020202,0.293189519064927,1
coral1,10,40,64,0.05,0.031,2,102,15712,0.011532723903753,13.2368456440514,0.0196078431372549,0.300923633023508,1
grey60,17,920,44,0.008,0.159,7,957,15712,0.0132416054133402,3.05711906707228,0.00731452455590387,0.331886100861798,1
darkmagenta,3,148,53,0.02,0.057,3,198,15712,0.013606738538006,6.41742286601201,0.0151515151515152,0.331886100861798,1
purple,10,225,64,0.018,0.062,4,285,15712,0.0133141866762842,4.65319268520271,0.0140350877192982,0.331886100861798,1
saddlebrown,16,81,100,0.037,0.03,3,178,15712,0.0149173698000504,6.15736831661745,0.0168539325842697,0.341577324809317,1
purple,4,225,66,0.018,0.061,4,287,15712,0.0147738656595437,4.50214590201749,0.0139372822299652,0.341577324809317,1
darkturquoise,13,100,80,0.03,0.038,3,177,15712,0.0144302906266278,6.23771953572756,0.0169491525423729,0.341577324809317,1
green,7,534,78,0.013,0.09,7,605,15712,0.0166566944747499,2.82590328627695,0.0115702479338843,0.373776224013387,1
midnightblue,1,165,20,0.012,0.1,2,183,15712,0.0183979737072942,10.5791392580512,0.0109289617486339,0.404755421560472,1
yellow4,14,38,88,0.053,0.023,2,124,15712,0.0191326617737732,10.0635508299927,0.0161290322580645,0.412823971349491,1
royalblue,7,117,78,0.026,0.038,3,192,15712,0.0204347246060191,5.44481825560094,0.015625,0.432599264301008,1
green,10,534,64,0.011,0.094,6,592,15712,0.0212792088546231,2.96201107840711,0.0101351351351351,0.442134672868281,1
mediumpurple3,12,63,58,0.032,0.034,2,119,15712,0.0226474978309858,9.1260627270775,0.0168067226890756,0.46200895575211,1
ivory,10,58,64,0.034,0.031,2,120,15712,0.0233233746568815,8.97776190101054,0.0166666666666667,0.467300470803948,1
darkmagenta,4,148,66,0.02,0.045,3,211,15712,0.0243379666064745,5.08989181988446,0.014218009478673,0.469716236110471,1
ivory,4,58,66,0.034,0.03,2,122,15712,0.0246998733783581,8.69581138802129,0.0163934426229508,0.469716236110471,1
sienna3,3,72,53,0.028,0.038,2,123,15712,0.0245503023439092,8.72934162920521,0.016260162601626,0.469716236110471,1
mediumpurple3,4,63,66,0.032,0.03,2,127,15712,0.0287952934488223,7.98076094867462,0.015748031496063,0.538471987492977,1
blue,3,1107,53,0.007,0.151,8,1152,15712,0.0310198768030425,2.35508764712763,0.00694444444444444,0.570562324147766,1
plum1,10,69,64,0.029,0.031,2,131,15712,0.0321723944092878,7.49896469875176,0.0152671755725191,0.582216556890659,1
ivory,7,58,78,0.034,0.026,2,134,15712,0.0336236669293777,7.3182147100878,0.0149253731343284,0.598821496742251,1
lightcyan1,7,59,78,0.034,0.026,2,135,15712,0.0346935014659156,7.18969132277938,0.0148148148148148,0.600386761625636,1
sienna3,10,72,64,0.028,0.031,2,134,15712,0.0347817642652998,7.17689533240888,0.0149253731343284,0.600386761625636,1
pink,1,236,20,0.008,0.1,2,254,15712,0.0357353499995238,7.33861032144011,0.0078740157480315,0.607500949991904,1
darkmagenta,15,148,32,0.014,0.062,2,178,15712,0.0363518545462728,7.09207557648422,0.0112359550561798,0.607843945041622,1
skyblue,12,82,58,0.024,0.034,2,138,15712,0.0368390269722195,6.94870592724004,0.0144927536231884,0.607843945041622,1
darkmagenta,13,148,80,0.02,0.038,3,225,15712,0.0397671897203415,4.1600932601492,0.0133333333333333,0.644942376662023,1
orangered4,7,64,78,0.031,0.026,2,140,15712,0.0402370466723187,6.60720505333867,0.0142857142857143,0.644942376662023,1
darkolivegreen,5,218,24,0.009,0.083,2,240,15712,0.0432964218423489,6.50959015207835,0.00833333333333333,0.684205426860781,1
firebrick4,5,30,24,0.033,0.042,1,53,15712,0.0448647154855908,23.4504208749022,0.0188679245283019,0.699141816317123,1
brown4,16,55,100,0.036,0.02,2,153,15712,0.0478863454420574,5.98922189656256,0.0130718954248366,0.736006569671075,1
green,11,534,25,0.006,0.12,3,556,15712,0.0515848442084874,3.89169219672236,0.00539568345323741,0.759930336533387,1
white,10,90,64,0.022,0.031,2,152,15712,0.052031994853545,5.70209408317961,0.0131578947368421,0.759930336533387,1
purple,12,225,58,0.013,0.052,3,280,15712,0.0503215235622022,3.79111642570293,0.0107142857142857,0.759930336533387,1
skyblue1,5,35,24,0.029,0.042,1,58,15712,0.0521520819189579,19.9934341937332,0.0172413793103448,0.759930336533387,1
green,13,534,80,0.011,0.075,6,608,15712,0.0545820842608874,2.31917911357604,0.00986842105263158,0.782614304234886,1
purple,16,225,100,0.018,0.04,4,321,15712,0.0554957183619114,2.9013887771933,0.0124610591900312,0.782614304234886,1
yellow4,5,38,24,0.026,0.042,1,61,15712,0.0564988936212351,18.3742038934297,0.0163934426229508,0.782614304234886,1
yellow4,9,38,24,0.026,0.042,1,61,15712,0.0564988936212351,18.3742038934297,0.0163934426229508,0.782614304234886,1
darkmagenta,17,148,44,0.014,0.045,2,190,15712,0.0644782259562473,5.06202750365236,0.0105263157894737,0.86339762428099,1
navajowhite2,5,44,24,0.023,0.042,1,67,15712,0.0651352750464346,15.8050256726902,0.0149253731343284,0.86339762428099,1
midnightblue,14,165,88,0.018,0.034,3,250,15712,0.065408910930378,3.36811894280473,0.012,0.86339762428099,1
lavenderblush3,11,41,25,0.024,0.04,1,65,15712,0.0632810923641779,16.2782890915689,0.0153846153846154,0.86339762428099,1
skyblue1,15,35,32,0.029,0.031,1,66,15712,0.068941512596483,14.8327391661165,0.0151515151515152,0.89944624573551,1
thistle2,9,49,24,0.02,0.042,1,72,15712,0.072274338463312,14.1580237906551,0.0138888888888889,0.932089744319955,1
plum1,2,69,104,0.029,0.019,2,171,15712,0.0765003637244409,4.54666142482554,0.0116959064327485,0.970201164441796,1
white,13,90,80,0.022,0.025,2,168,15712,0.076958915896007,4.52765063188277,0.0119047619047619,0.970201164441796,1
coral1,15,40,32,0.025,0.031,1,71,15712,0.078406416421678,12.9244442976613,0.0140845070422535,0.977466658056919,1
turquoise,4,2317,66,0.002,0.076,5,2378,15712,0.974601745874314,0.472748639303638,0.00210260723296888,1,1
turquoise,17,2317,44,0.003,0.136,6,2355,15712,0.647057474551664,0.912575233999337,0.00254777070063694,1,1
turquoise,13,2317,80,0.004,0.112,9,2388,15712,0.852689734027687,0.731797866931287,0.00376884422110553,1,1
turquoise,2,2317,104,0.002,0.048,5,2416,15712,0.999684634654634,0.290461919166889,0.00206953642384106,1,1
turquoise,3,2317,53,0.002,0.094,5,2365,15712,0.907911046774535,0.601363880998892,0.00211416490486258,1,1
turquoise,8,2317,82,0.007,0.195,16,2383,15712,0.144149304448746,1.4042535285225,0.00671422576584138,1,1
turquoise,14,2317,88,0.003,0.08,7,2398,15712,0.981568630133044,0.498111112060705,0.00291909924937448,1,1
turquoise,6,2317,58,0.003,0.138,8,2367,15712,0.63767727115475,0.924717085345494,0.00337980566117448,1,1
turquoise,7,2317,78,0.003,0.09,7,2388,15712,0.953411369533307,0.568690966056094,0.00293132328308208,1,1
turquoise,5,2317,24,0,0,0,2341,15712,1,0,0,1,1
turquoise,16,2317,100,0.005,0.12,12,2405,15712,0.819703964201331,0.787252637052711,0.00498960498960499,1,1
turquoise,11,2317,25,0.001,0.08,2,2340,15712,0.901543025999044,0.502300749484136,0.000854700854700855,1,1
turquoise,15,2317,32,0.001,0.094,3,2346,15712,0.870636871779313,0.597549930417647,0.00127877237851662,1,1
turquoise,10,2317,64,0.004,0.141,9,2372,15712,0.61530250713451,0.945795440348395,0.00379426644182125,1,1
turquoise,1,2317,20,0.001,0.1,2,2335,15712,0.816734736592092,0.64206122892939,0.000856531049250535,1,1
turquoise,12,2317,58,0.003,0.121,7,2368,15712,0.77122845028812,0.792881055634979,0.00295608108108108,1,1
turquoise,9,2317,24,0.002,0.208,5,2336,15712,0.274166584885888,1.52243954966762,0.00214041095890411,1,1
bisque4,4,145,66,0,0,0,211,15712,1,0,0,1,1
bisque4,17,145,44,0,0,0,189,15712,1,0,0,1,1
bisque4,13,145,80,0,0,0,225,15712,1,0,0,1,1
bisque4,2,145,104,0,0,0,249,15712,1,0,0,1,1
bisque4,3,145,53,0,0,0,198,15712,1,0,0,1,1
bisque4,8,145,82,0,0,0,227,15712,1,0,0,1,1
bisque4,14,145,88,0.007,0.011,1,232,15712,0.558760102488374,1.23561125243309,0.00431034482758621,1,1
bisque4,6,145,58,0,0,0,203,15712,1,0,0,1,1
bisque4,7,145,78,0,0,0,223,15712,1,0,0,1,1
bisque4,5,145,24,0,0,0,169,15712,1,0,0,1,1
bisque4,16,145,100,0.007,0.01,1,244,15712,0.605483092057751,1.08500446794624,0.00409836065573771,1,1
bisque4,11,145,25,0,0,0,170,15712,1,0,0,1,1
bisque4,15,145,32,0,0,0,177,15712,1,0,0,1,1
bisque4,10,145,64,0.007,0.016,1,208,15712,0.44820131370827,1.70891253782623,0.00480769230769231,1,1
bisque4,1,145,20,0,0,0,165,15712,1,0,0,1,1
bisque4,12,145,58,0.007,0.017,1,202,15712,0.41650954654689,1.88953411804476,0.00495049504950495,1,1
bisque4,9,145,24,0,0,0,169,15712,1,0,0,1,1
brown,4,898,66,0.002,0.03,2,962,15712,0.897656105340084,0.514440917199446,0.00207900207900208,1,1
brown,17,898,44,0.004,0.091,4,938,15712,0.24223886690857,1.65249559863718,0.00426439232409382,1,1
brown,13,898,80,0.004,0.05,4,974,15712,0.67803135084024,0.867660115557778,0.00410677618069815,1,1
brown,2,898,104,0,0,0,1002,15712,1,0,0,1,1
brown,3,898,53,0.003,0.057,3,948,15712,0.590413610669086,0.989765986908641,0.00316455696202532,1,1
brown,8,898,82,0.004,0.049,4,976,15712,0.69674351050513,0.845297927624719,0.00409836065573771,1,1
brown,14,898,88,0.004,0.045,4,982,15712,0.748141484209842,0.784599967219567,0.00407331975560081,1,1
brown,6,898,58,0.001,0.017,1,955,15712,0.967281469476028,0.288636549232534,0.00104712041884817,1,1
brown,7,898,78,0.001,0.013,1,975,15712,0.989969119255879,0.213377572374031,0.00102564102564103,1,1
brown,5,898,24,0,0,0,922,15712,1,0,0,1,1
brown,16,898,100,0.006,0.05,5,993,15712,0.683242916189312,0.867511789429276,0.00503524672708963,1,1
brown,11,898,25,0.003,0.12,3,920,15712,0.16912648140282,2.25370133452428,0.00326086956521739,1,1
brown,15,898,32,0.001,0.031,1,929,15712,0.848198655548848,0.531631577192459,0.00107642626480086,1,1
brown,10,898,64,0,0,0,962,15712,1,0,0,1,1
brown,1,898,20,0,0,0,918,15712,1,0,0,1,1
brown,12,898,58,0,0,0,956,15712,1,0,0,1,1
brown,9,898,24,0,0,0,922,15712,1,0,0,1,1
skyblue3,4,70,66,0.014,0.015,1,135,15712,0.255700954397446,3.47247541020086,0.00740740740740741,1,1
skyblue3,17,70,44,0,0,0,114,15712,1,0,0,1,1
skyblue3,13,70,80,0.014,0.012,1,149,15712,0.301007235587839,2.85468208039034,0.00671140939597315,1,1
skyblue3,2,70,104,0,0,0,174,15712,1,0,0,1,1
skyblue3,3,70,53,0,0,0,123,15712,1,0,0,1,1
skyblue3,8,70,82,0,0,0,152,15712,1,0,0,1,1
skyblue3,14,70,88,0,0,0,158,15712,1,0,0,1,1
skyblue3,6,70,58,0,0,0,128,15712,1,0,0,1,1
skyblue3,7,70,78,0.014,0.013,1,147,15712,0.294705371775286,2.92918629405208,0.00680272108843537,1,1
skyblue3,5,70,24,0,0,0,94,15712,1,0,0,1,1
skyblue3,11,70,25,0,0,0,95,15712,1,0,0,1,1
skyblue3,15,70,32,0.014,0.031,1,101,15712,0.133268621848594,7.29601981360638,0.0099009900990099,1,1
skyblue3,10,70,64,0,0,0,134,15712,1,0,0,1,1
skyblue3,1,70,20,0,0,0,90,15712,1,0,0,1,1
skyblue3,12,70,58,0,0,0,128,15712,1,0,0,1,1
red,17,517,44,0,0,0,561,15712,1,0,0,1,1
red,13,517,80,0.01,0.062,5,592,15712,0.123358705493125,1.96863780708652,0.00844594594594595,1,1
red,2,517,104,0,0,0,621,15712,1,0,0,1,1
red,3,517,53,0.008,0.075,4,566,15712,0.0962596805129626,2.40992021161846,0.00706713780918728,1,1
red,8,517,82,0.006,0.037,3,596,15712,0.50923027346133,1.11677174120915,0.00503355704697987,1,1
red,14,517,88,0.006,0.034,3,602,15712,0.557068669998044,1.03754873134361,0.00498338870431894,1,1
red,6,517,58,0.002,0.017,1,574,15712,0.856894240306253,0.514701159784227,0.00174216027874564,1,1
red,7,517,78,0.01,0.064,5,590,15712,0.114027783969202,2.0228292905112,0.00847457627118644,1,1
red,11,517,25,0.002,0.04,1,541,15712,0.567039365713615,1.22502905119194,0.00184842883548983,1,1
red,15,517,32,0.004,0.062,2,547,15712,0.284015772683677,1.96299667610675,0.0036563071297989,1,1
red,10,517,64,0.006,0.047,3,578,15712,0.352462142221949,1.44797974556546,0.00519031141868512,1,1
red,1,517,20,0.004,0.1,2,535,15712,0.139281542529759,3.2739575170889,0.00373831775700935,1,1
red,12,517,58,0.004,0.034,2,573,15712,0.573424210568071,1.04988136933207,0.00349040139616056,1,1
red,9,517,24,0.002,0.042,1,540,15712,0.55228485724838,1.27837111390826,0.00185185185185185,1,1
blue,4,1107,66,0.004,0.061,4,1169,15712,0.692599334205455,0.850643625409505,0.00342172797262618,1,1
blue,17,1107,44,0,0,0,1151,15712,1,0,0,1,1
blue,13,1107,80,0.002,0.025,2,1185,15712,0.979769006022394,0.337107422809299,0.00168776371308017,1,1
blue,2,1107,104,0.002,0.019,2,1209,15712,0.995633892180387,0.257363614978439,0.00165425971877585,1,1
blue,8,1107,82,0.005,0.073,6,1183,15712,0.522978043805505,1.04181429604937,0.00507185122569738,1,1
blue,14,1107,88,0.003,0.034,3,1192,15712,0.95257174575053,0.464210833730025,0.00251677852348993,1,1
blue,6,1107,58,0,0,0,1165,15712,1,0,0,1,1
blue,7,1107,78,0.004,0.051,4,1181,15712,0.808755393089881,0.712107420343572,0.00338696020321761,1,1
blue,5,1107,24,0.002,0.083,2,1129,15712,0.511959248123882,1.19973693631144,0.00177147918511957,1,1
blue,16,1107,100,0.005,0.06,6,1201,15712,0.715320407722534,0.841267149892856,0.00499583680266445,1,1
blue,11,1107,25,0.002,0.08,2,1130,15712,0.534173549363808,1.14749985787581,0.00176991150442478,1,1
blue,15,1107,32,0.001,0.031,1,1138,15712,0.90370531687795,0.425087661210759,0.000878734622144112,1,1
blue,10,1107,64,0.001,0.016,1,1170,15712,0.990773217095244,0.208714055287234,0.000854700854700855,1,1
blue,1,1107,20,0,0,0,1127,15712,1,0,0,1,1
blue,12,1107,58,0.001,0.017,1,1164,15712,0.98567174433626,0.230778765695618,0.000859106529209622,1,1
blue,9,1107,24,0.002,0.083,2,1129,15712,0.511959248123882,1.19973693631144,0.00177147918511957,1,1
darkorange2,4,128,66,0,0,0,194,15712,1,0,0,1,1
darkorange2,17,128,44,0,0,0,172,15712,1,0,0,1,1
darkorange2,13,128,80,0.016,0.025,2,206,15712,0.138413673831647,3.15500398126009,0.00970873786407767,1,1
darkorange2,2,128,104,0,0,0,232,15712,1,0,0,1,1
darkorange2,3,128,53,0,0,0,181,15712,1,0,0,1,1
darkorange2,8,128,82,0,0,0,210,15712,1,0,0,1,1
darkorange2,14,128,88,0.016,0.023,2,214,15712,0.161004445837836,2.86008232579225,0.00934579439252336,1,1
darkorange2,6,128,58,0,0,0,186,15712,1,0,0,1,1
darkorange2,7,128,78,0,0,0,206,15712,1,0,0,1,1
darkorange2,5,128,24,0,0,0,152,15712,1,0,0,1,1
darkorange2,16,128,100,0.016,0.02,2,226,15712,0.195986583888172,2.50786229098827,0.00884955752212389,1,1
darkorange2,11,128,25,0,0,0,153,15712,1,0,0,1,1
darkorange2,15,128,32,0,0,0,160,15712,1,0,0,1,1
darkorange2,10,128,64,0,0,0,192,15712,1,0,0,1,1
darkorange2,1,128,20,0,0,0,148,15712,1,0,0,1,1
darkorange2,12,128,58,0,0,0,186,15712,1,0,0,1,1
darkorange2,9,128,24,0,0,0,152,15712,1,0,0,1,1
greenyellow,4,315,66,0,0,0,381,15712,1,0,0,1,1
greenyellow,17,315,44,0.006,0.045,2,357,15712,0.220461331058884,2.33586012522607,0.00560224089635854,1,1
greenyellow,13,315,80,0.006,0.025,2,393,15712,0.478776473344344,1.2549131533259,0.00508905852417303,1,1
greenyellow,2,315,104,0.003,0.01,1,418,15712,0.879151794734932,0.472899646528445,0.00239234449760766,1,1
greenyellow,3,315,53,0,0,0,368,15712,1,0,0,1,1
greenyellow,8,315,82,0.003,0.012,1,396,15712,0.810811019866684,0.60220066443046,0.00252525252525253,1,1
greenyellow,14,315,88,0.003,0.011,1,402,15712,0.832569181547923,0.560451332840144,0.00248756218905473,1,1
greenyellow,6,315,58,0,0,0,373,15712,1,0,0,1,1
greenyellow,7,315,78,0,0,0,393,15712,1,0,0,1,1
greenyellow,5,315,24,0,0,0,339,15712,1,0,0,1,1
greenyellow,16,315,100,0.003,0.01,1,414,15712,0.868884889216989,0.492134761145578,0.00241545893719807,1,1
greenyellow,11,315,25,0.003,0.04,1,339,15712,0.397515113509686,2.03980816843158,0.00294985250737463,1,1
greenyellow,15,315,32,0,0,0,347,15712,1,0,0,1,1
greenyellow,10,315,64,0.003,0.016,1,378,15712,0.727131269378163,0.775159911458097,0.00264550264550265,1,1
greenyellow,1,315,20,0,0,0,335,15712,1,0,0,1,1
greenyellow,12,315,58,0,0,0,373,15712,1,0,0,1,1
greenyellow,9,315,24,0,0,0,339,15712,1,0,0,1,1
darkolivegreen,4,218,66,0,0,0,284,15712,1,0,0,1,1
darkolivegreen,17,218,44,0.005,0.023,1,261,15712,0.459690030516815,1.65579814725269,0.00383141762452107,1,1
darkolivegreen,13,218,80,0,0,0,298,15712,1,0,0,1,1
darkolivegreen,2,218,104,0,0,0,322,15712,1,0,0,1,1
darkolivegreen,3,218,53,0,0,0,271,15712,1,0,0,1,1
darkolivegreen,8,218,82,0,0,0,300,15712,1,0,0,1,1
darkolivegreen,14,218,88,0.005,0.011,1,305,15712,0.708573648715398,0.816101409217033,0.00327868852459016,1,1
darkolivegreen,6,218,58,0,0,0,276,15712,1,0,0,1,1
darkolivegreen,7,218,78,0,0,0,296,15712,1,0,0,1,1
darkolivegreen,16,218,100,0.005,0.01,1,317,15712,0.753807507567408,0.716625867246864,0.00315457413249211,1,1
darkolivegreen,11,218,25,0,0,0,243,15712,1,0,0,1,1
darkolivegreen,15,218,32,0.005,0.031,1,249,15712,0.360804895529627,2.29844671238212,0.00401606425702811,1,1
darkolivegreen,10,218,64,0.009,0.031,2,280,15712,0.222735040273821,2.30445631050654,0.00714285714285714,1,1
darkolivegreen,1,218,20,0,0,0,238,15712,1,0,0,1,1
darkolivegreen,12,218,58,0,0,0,276,15712,1,0,0,1,1
darkolivegreen,9,218,24,0,0,0,242,15712,1,0,0,1,1
grey60,4,920,66,0,0,0,986,15712,1,0,0,1,1
grey60,13,920,80,0.007,0.075,6,994,15712,0.326930427950177,1.30560950671939,0.00603621730382294,1,1
grey60,2,920,104,0.002,0.019,2,1022,15712,0.986153829229345,0.313782545728302,0.00195694716242661,1,1
grey60,3,920,53,0,0,0,973,15712,1,0,0,1,1
grey60,8,920,82,0.007,0.073,6,996,15712,0.348002932877619,1.27108125689613,0.00602409638554217,1,1
grey60,14,920,88,0.001,0.011,1,1007,15712,0.995131541967192,0.18393063181571,0.00099304865938431,1,1
grey60,6,920,58,0.001,0.017,1,977,15712,0.96998862572106,0.281307014241603,0.00102354145342886,1,1
grey60,7,920,78,0.002,0.026,2,996,15712,0.947520041060812,0.421871391767164,0.00200803212851406,1,1
grey60,5,920,24,0,0,0,944,15712,1,0,0,1,1
grey60,16,920,100,0.004,0.04,4,1016,15712,0.844445762347627,0.668487704536086,0.00393700787401575,1,1
grey60,11,920,25,0,0,0,945,15712,1,0,0,1,1
grey60,15,920,32,0.001,0.031,1,951,15712,0.855256252917845,0.518131589670932,0.0010515247108307,1,1
grey60,10,920,64,0.002,0.031,2,982,15712,0.895722751328631,0.517605644641994,0.00203665987780041,1,1
grey60,1,920,20,0,0,0,940,15712,1,0,0,1,1
grey60,12,920,58,0,0,0,978,15712,1,0,0,1,1
grey60,9,920,24,0.002,0.083,2,942,15712,0.414280197477233,1.46260611444034,0.00212314225053079,1,1
orangered3,4,34,66,0,0,0,100,15712,1,0,0,1,1
orangered3,17,34,44,0,0,0,78,15712,1,0,0,1,1
orangered3,13,34,80,0.029,0.012,1,113,15712,0.159485692894543,5.9815517784583,0.00884955752212389,1,1
orangered3,2,34,104,0,0,0,138,15712,1,0,0,1,1
orangered3,3,34,53,0.029,0.019,1,86,15712,0.108637691679748,9.10291840597229,0.0116279069767442,1,1
orangered3,8,34,82,0,0,0,116,15712,1,0,0,1,1
orangered3,14,34,88,0,0,0,122,15712,1,0,0,1,1
orangered3,6,34,58,0.029,0.017,1,91,15712,0.118273950449775,8.30003915163412,0.010989010989011,1,1
orangered3,7,34,78,0,0,0,112,15712,1,0,0,1,1
orangered3,5,34,24,0,0,0,58,15712,1,0,0,1,1
orangered3,16,34,100,0,0,0,134,15712,1,0,0,1,1
orangered3,11,34,25,0,0,0,59,15712,1,0,0,1,1
orangered3,15,34,32,0,0,0,66,15712,1,0,0,1,1
orangered3,10,34,64,0,0,0,98,15712,1,0,0,1,1
orangered3,1,34,20,0,0,0,54,15712,1,0,0,1,1
orangered3,12,34,58,0.029,0.017,1,91,15712,0.118273950449775,8.30003915163412,0.010989010989011,1,1
orangered3,9,34,24,0,0,0,58,15712,1,0,0,1,1
plum1,4,69,66,0,0,0,135,15712,1,0,0,1,1
plum1,17,69,44,0.014,0.023,1,112,15712,0.176275957995541,5.33447367852621,0.00892857142857143,1,1
plum1,3,69,53,0,0,0,122,15712,1,0,0,1,1
plum1,8,69,82,0.014,0.012,1,150,15712,0.303603103496111,2.82496704661174,0.00666666666666667,1,1
plum1,14,69,88,0.014,0.011,1,156,15712,0.321849437013544,2.62917803544086,0.00641025641025641,1,1
plum1,6,69,58,0.014,0.017,1,126,15712,0.225653551555754,4.02017048501721,0.00793650793650794,1,1
plum1,7,69,78,0.014,0.013,1,146,15712,0.291170968884088,2.97244344695115,0.00684931506849315,1,1
plum1,5,69,24,0,0,0,93,15712,1,0,0,1,1
plum1,16,69,100,0,0,0,169,15712,1,0,0,1,1
plum1,11,69,25,0,0,0,94,15712,1,0,0,1,1
plum1,15,69,32,0,0,0,101,15712,1,0,0,1,1
plum1,1,69,20,0,0,0,89,15712,1,0,0,1,1
plum1,12,69,58,0.014,0.017,1,126,15712,0.225653551555754,4.02017048501721,0.00793650793650794,1,1
plum1,9,69,24,0.014,0.042,1,92,15712,0.10031161755163,9.98075945906954,0.0108695652173913,1,1
cyan,4,169,66,0.006,0.015,1,234,15712,0.510923963197543,1.41733136096205,0.00427350427350427,1,1
cyan,17,169,44,0.006,0.023,1,212,15712,0.379039853765169,2.14549998870123,0.00471698113207547,1,1
cyan,13,169,80,0,0,0,249,15712,1,0,0,1,1
cyan,2,169,104,0,0,0,273,15712,1,0,0,1,1
cyan,3,169,53,0,0,0,222,15712,1,0,0,1,1
cyan,8,169,82,0,0,0,251,15712,1,0,0,1,1
cyan,14,169,88,0.012,0.023,2,255,15712,0.24440510718515,2.15236560589707,0.00784313725490196,1,1
cyan,6,169,58,0,0,0,227,15712,1,0,0,1,1
cyan,7,169,78,0,0,0,247,15712,1,0,0,1,1
cyan,5,169,24,0,0,0,193,15712,1,0,0,1,1
cyan,16,169,100,0.006,0.01,1,268,15712,0.662056863953204,0.928575638482383,0.00373134328358209,1,1
cyan,11,169,25,0,0,0,194,15712,1,0,0,1,1
cyan,10,169,64,0.006,0.016,1,232,15712,0.500185833147188,1.46250692492385,0.00431034482758621,1,1
cyan,1,169,20,0,0,0,189,15712,1,0,0,1,1
cyan,12,169,58,0.006,0.017,1,226,15712,0.466544959172371,1.61708755804773,0.00442477876106195,1,1
cyan,9,169,24,0,0,0,193,15712,1,0,0,1,1
pink,4,236,66,0,0,0,302,15712,1,0,0,1,1
pink,17,236,44,0,0,0,280,15712,1,0,0,1,1
pink,13,236,80,0,0,0,316,15712,1,0,0,1,1
pink,2,236,104,0.004,0.01,1,339,15712,0.793858028752034,0.635131146108446,0.00294985250737463,1,1
pink,3,236,53,0,0,0,289,15712,1,0,0,1,1
pink,6,236,58,0,0,0,294,15712,1,0,0,1,1
pink,7,236,78,0,0,0,314,15712,1,0,0,1,1
pink,5,236,24,0,0,0,260,15712,1,0,0,1,1
pink,16,236,100,0,0,0,336,15712,1,0,0,1,1
pink,11,236,25,0,0,0,261,15712,1,0,0,1,1
pink,15,236,32,0,0,0,268,15712,1,0,0,1,1
pink,10,236,64,0,0,0,300,15712,1,0,0,1,1
pink,12,236,58,0,0,0,294,15712,1,0,0,1,1
pink,9,236,24,0.004,0.042,1,259,15712,0.304755501039916,2.85864618927668,0.00386100386100386,1,1
yellowgreen,4,72,66,0,0,0,138,15712,1,0,0,1,1
yellowgreen,17,72,44,0,0,0,116,15712,1,0,0,1,1
yellowgreen,13,72,80,0,0,0,152,15712,1,0,0,1,1
yellowgreen,2,72,104,0,0,0,176,15712,1,0,0,1,1
yellowgreen,3,72,53,0,0,0,125,15712,1,0,0,1,1
yellowgreen,8,72,82,0,0,0,154,15712,1,0,0,1,1
yellowgreen,14,72,88,0,0,0,160,15712,1,0,0,1,1
yellowgreen,6,72,58,0,0,0,130,15712,1,0,0,1,1
yellowgreen,7,72,78,0,0,0,150,15712,1,0,0,1,1
yellowgreen,5,72,24,0,0,0,96,15712,1,0,0,1,1
yellowgreen,16,72,100,0,0,0,172,15712,1,0,0,1,1
yellowgreen,15,72,32,0,0,0,104,15712,1,0,0,1,1
yellowgreen,10,72,64,0,0,0,136,15712,1,0,0,1,1
yellowgreen,1,72,20,0,0,0,92,15712,1,0,0,1,1
yellowgreen,12,72,58,0,0,0,130,15712,1,0,0,1,1
yellowgreen,9,72,24,0,0,0,96,15712,1,0,0,1,1
green,4,534,66,0.006,0.045,3,597,15712,0.390053454573601,1.35545178209804,0.0050251256281407,1,1
green,17,534,44,0.004,0.045,2,576,15712,0.443727918335192,1.35478361181381,0.00347222222222222,1,1
green,3,534,53,0.006,0.057,3,584,15712,0.26866154352277,1.70929701894526,0.00513698630136986,1,1
green,8,534,82,0.004,0.024,2,614,15712,0.772759667166879,0.709503438822383,0.00325732899022801,1,1
green,14,534,88,0.004,0.023,2,620,15712,0.805451101552933,0.659742383110556,0.0032258064516129,1,1
green,5,534,24,0.002,0.042,1,557,15712,0.564161895905286,1.23621414375612,0.00179533213644524,1,1
green,16,534,100,0.006,0.03,3,631,15712,0.665525035490331,0.87839164701492,0.00475435816164818,1,1
green,15,534,32,0.004,0.062,2,564,15712,0.296965656820243,1.89817769865911,0.00354609929078014,1,1
green,1,534,20,0,0,0,554,15712,1,0,0,1,1
green,9,534,24,0.002,0.042,1,557,15712,0.564161895905286,1.23621414375612,0.00179533213644524,1,1
orange,17,92,44,0,0,0,136,15712,1,0,0,1,1
orange,13,92,80,0,0,0,172,15712,1,0,0,1,1
orange,2,92,104,0,0,0,196,15712,1,0,0,1,1
orange,3,92,53,0,0,0,145,15712,1,0,0,1,1
orange,8,92,82,0.011,0.012,1,173,15712,0.382948662188459,2.10799051232393,0.00578034682080925,1,1
orange,14,92,88,0.011,0.011,1,179,15712,0.404426090231975,1.96186229223046,0.00558659217877095,1,1
orange,6,92,58,0,0,0,150,15712,1,0,0,1,1
orange,5,92,24,0,0,0,116,15712,1,0,0,1,1
orange,16,92,100,0,0,0,192,15712,1,0,0,1,1
orange,11,92,25,0,0,0,117,15712,1,0,0,1,1
orange,15,92,32,0,0,0,124,15712,1,0,0,1,1
orange,10,92,64,0,0,0,156,15712,1,0,0,1,1
orange,1,92,20,0,0,0,112,15712,1,0,0,1,1
orange,12,92,58,0,0,0,150,15712,1,0,0,1,1
orange,9,92,24,0,0,0,116,15712,1,0,0,1,1
white,4,90,66,0.011,0.015,1,155,15712,0.316091140385008,2.68884132720132,0.00645161290322581,1,1
white,17,90,44,0,0,0,134,15712,1,0,0,1,1
white,2,90,104,0,0,0,194,15712,1,0,0,1,1
white,3,90,53,0.011,0.019,1,142,15712,0.262853661074731,3.36379001817824,0.00704225352112676,1,1
white,8,90,82,0,0,0,172,15712,1,0,0,1,1
white,14,90,88,0,0,0,178,15712,1,0,0,1,1
white,5,90,24,0.011,0.042,1,113,15712,0.128876122843856,7.61754101535682,0.00884955752212389,1,1
white,16,90,100,0.011,0.01,1,189,15712,0.438015031767885,1.76168816436414,0.00529100529100529,1,1
white,11,90,25,0,0,0,115,15712,1,0,0,1,1
white,15,90,32,0,0,0,122,15712,1,0,0,1,1
white,1,90,20,0,0,0,110,15712,1,0,0,1,1
white,12,90,58,0.011,0.017,1,147,15712,0.283797913292289,3.06774039602547,0.00680272108843537,1,1
white,9,90,24,0.011,0.042,1,113,15712,0.128876122843856,7.61754101535682,0.00884955752212389,1,1
tan,4,177,66,0,0,0,243,15712,1,0,0,1,1
tan,17,177,44,0.006,0.023,1,220,15712,0.392967202910514,2.04690287452334,0.00454545454545455,1,1
tan,13,177,80,0,0,0,257,15712,1,0,0,1,1
tan,2,177,104,0,0,0,281,15712,1,0,0,1,1
tan,3,177,53,0,0,0,230,15712,1,0,0,1,1
tan,8,177,82,0.006,0.012,1,258,15712,0.606002913813064,1.0840209699857,0.00387596899224806,1,1
tan,14,177,88,0.006,0.011,1,264,15712,0.632031032298452,1.00888241193183,0.00378787878787879,1,1
tan,6,177,58,0,0,0,235,15712,1,0,0,1,1
tan,7,177,78,0,0,0,255,15712,1,0,0,1,1
tan,5,177,24,0,0,0,201,15712,1,0,0,1,1
tan,16,177,100,0.006,0.01,1,276,15712,0.67906790016712,0.885910903154959,0.0036231884057971,1,1
tan,11,177,25,0,0,0,202,15712,1,0,0,1,1
tan,15,177,32,0,0,0,209,15712,1,0,0,1,1
tan,10,177,64,0.006,0.016,1,240,15712,0.516418417905883,1.3953201451487,0.00416666666666667,1,1
tan,1,177,20,0,0,0,197,15712,1,0,0,1,1
tan,12,177,58,0,0,0,235,15712,1,0,0,1,1
tan,9,177,24,0.006,0.042,1,200,15712,0.238222951956676,3.83140731454489,0.005,1,1
saddlebrown,4,81,66,0,0,0,147,15712,1,0,0,1,1
saddlebrown,17,81,44,0,0,0,125,15712,1,0,0,1,1
saddlebrown,13,81,80,0,0,0,161,15712,1,0,0,1,1
saddlebrown,2,81,104,0,0,0,185,15712,1,0,0,1,1
saddlebrown,3,81,53,0,0,0,134,15712,1,0,0,1,1
saddlebrown,8,81,82,0,0,0,163,15712,1,0,0,1,1
saddlebrown,14,81,88,0,0,0,169,15712,1,0,0,1,1
saddlebrown,6,81,58,0,0,0,139,15712,1,0,0,1,1
saddlebrown,7,81,78,0,0,0,159,15712,1,0,0,1,1
saddlebrown,5,81,24,0,0,0,105,15712,1,0,0,1,1
saddlebrown,11,81,25,0,0,0,106,15712,1,0,0,1,1
saddlebrown,15,81,32,0.012,0.031,1,112,15712,0.15258094683493,6.28816992613136,0.00892857142857143,1,1
saddlebrown,10,81,64,0,0,0,145,15712,1,0,0,1,1
saddlebrown,1,81,20,0,0,0,101,15712,1,0,0,1,1
saddlebrown,12,81,58,0,0,0,139,15712,1,0,0,1,1
saddlebrown,9,81,24,0,0,0,105,15712,1,0,0,1,1
darkgreen,4,106,66,0,0,0,172,15712,1,0,0,1,1
darkgreen,17,106,44,0,0,0,150,15712,1,0,0,1,1
darkgreen,13,106,80,0.019,0.025,2,184,15712,0.101608524891933,3.82776724294493,0.0108695652173913,1,1
darkgreen,2,106,104,0,0,0,210,15712,1,0,0,1,1
darkgreen,3,106,53,0,0,0,159,15712,1,0,0,1,1
darkgreen,8,106,82,0,0,0,188,15712,1,0,0,1,1
darkgreen,14,106,88,0,0,0,194,15712,1,0,0,1,1
darkgreen,6,106,58,0.009,0.017,1,163,15712,0.325197690124746,2.59771705733988,0.00613496932515337,1,1
darkgreen,7,106,78,0,0,0,184,15712,1,0,0,1,1
darkgreen,5,106,24,0,0,0,130,15712,1,0,0,1,1
darkgreen,16,106,100,0,0,0,206,15712,1,0,0,1,1
darkgreen,11,106,25,0,0,0,131,15712,1,0,0,1,1
darkgreen,15,106,32,0,0,0,138,15712,1,0,0,1,1
darkgreen,10,106,64,0.009,0.016,1,169,15712,0.352158242554424,2.34937643673591,0.00591715976331361,1,1
darkgreen,1,106,20,0,0,0,126,15712,1,0,0,1,1
darkgreen,12,106,58,0,0,0,164,15712,1,0,0,1,1
darkgreen,9,106,24,0,0,0,130,15712,1,0,0,1,1
darkmagenta,8,148,82,0,0,0,230,15712,1,0,0,1,1
darkmagenta,14,148,88,0.007,0.011,1,235,15712,0.566201322514938,1.21016219793472,0.00425531914893617,1,1
darkmagenta,5,148,24,0,0,0,172,15712,1,0,0,1,1
darkmagenta,16,148,100,0.007,0.01,1,247,15712,0.613037785453559,1.06263445780751,0.00404858299595142,1,1
darkmagenta,11,148,25,0,0,0,173,15712,1,0,0,1,1
darkmagenta,1,148,20,0,0,0,168,15712,1,0,0,1,1
darkmagenta,9,148,24,0,0,0,172,15712,1,0,0,1,1
thistle1,4,49,66,0.02,0.015,1,114,15712,0.18663868167202,4.99811474483896,0.0087719298245614,1,1
thistle1,17,49,44,0,0,0,93,15712,1,0,0,1,1
thistle1,13,49,80,0,0,0,129,15712,1,0,0,1,1
thistle1,2,49,104,0,0,0,153,15712,1,0,0,1,1
thistle1,3,49,53,0,0,0,102,15712,1,0,0,1,1
thistle1,8,49,82,0,0,0,131,15712,1,0,0,1,1
thistle1,14,49,88,0,0,0,137,15712,1,0,0,1,1
thistle1,6,49,58,0,0,0,107,15712,1,0,0,1,1
thistle1,7,49,78,0,0,0,127,15712,1,0,0,1,1
thistle1,5,49,24,0,0,0,73,15712,1,0,0,1,1
thistle1,16,49,100,0,0,0,149,15712,1,0,0,1,1
thistle1,11,49,25,0,0,0,74,15712,1,0,0,1,1
thistle1,15,49,32,0.02,0.031,1,80,15712,0.0952088746911209,10.5007622139958,0.0125,1,1
thistle1,10,49,64,0,0,0,113,15712,1,0,0,1,1
thistle1,1,49,20,0,0,0,69,15712,1,0,0,1,1
thistle1,12,49,58,0,0,0,107,15712,1,0,0,1,1
thistle1,9,49,24,0,0,0,73,15712,1,0,0,1,1
firebrick4,4,30,66,0,0,0,96,15712,1,0,0,1,1
firebrick4,17,30,44,0,0,0,74,15712,1,0,0,1,1
firebrick4,13,30,80,0,0,0,110,15712,1,0,0,1,1
firebrick4,2,30,104,0,0,0,134,15712,1,0,0,1,1
firebrick4,3,30,53,0,0,0,83,15712,1,0,0,1,1
firebrick4,8,30,82,0,0,0,112,15712,1,0,0,1,1
firebrick4,14,30,88,0,0,0,118,15712,1,0,0,1,1
firebrick4,6,30,58,0,0,0,88,15712,1,0,0,1,1
firebrick4,7,30,78,0,0,0,108,15712,1,0,0,1,1
firebrick4,16,30,100,0,0,0,130,15712,1,0,0,1,1
firebrick4,11,30,25,0,0,0,55,15712,1,0,0,1,1
firebrick4,15,30,32,0,0,0,62,15712,1,0,0,1,1
firebrick4,10,30,64,0,0,0,94,15712,1,0,0,1,1
firebrick4,1,30,20,0,0,0,50,15712,1,0,0,1,1
firebrick4,12,30,58,0,0,0,88,15712,1,0,0,1,1
firebrick4,9,30,24,0,0,0,54,15712,1,0,0,1,1
coral2,4,39,66,0,0,0,105,15712,1,0,0,1,1
coral2,17,39,44,0,0,0,83,15712,1,0,0,1,1
coral2,13,39,80,0.026,0.012,1,118,15712,0.180715065643294,5.19395336954977,0.00847457627118644,1,1
coral2,2,39,104,0,0,0,143,15712,1,0,0,1,1
coral2,3,39,53,0.026,0.019,1,91,15712,0.123604466532745,7.90202988827433,0.010989010989011,1,1
coral2,8,39,82,0,0,0,121,15712,1,0,0,1,1
coral2,14,39,88,0,0,0,127,15712,1,0,0,1,1
coral2,6,39,58,0,0,0,97,15712,1,0,0,1,1
coral2,7,39,78,0.026,0.013,1,116,15712,0.176612072062255,5.3294661309393,0.00862068965517241,1,1
coral2,5,39,24,0,0,0,63,15712,1,0,0,1,1
coral2,16,39,100,0,0,0,139,15712,1,0,0,1,1
coral2,11,39,25,0,0,0,64,15712,1,0,0,1,1
coral2,15,39,32,0,0,0,71,15712,1,0,0,1,1
coral2,10,39,64,0.026,0.016,1,102,15712,0.147325245293833,6.51818651694153,0.00980392156862745,1,1
coral2,1,39,20,0,0,0,59,15712,1,0,0,1,1
coral2,12,39,58,0.026,0.017,1,96,15712,0.13446528748213,7.20753595680659,0.0104166666666667,1,1
coral2,9,39,24,0,0,0,63,15712,1,0,0,1,1
darkgrey,4,98,66,0,0,0,164,15712,1,0,0,1,1
darkgrey,17,98,44,0,0,0,142,15712,1,0,0,1,1
darkgrey,13,98,80,0.02,0.025,2,176,15712,0.0890245977157909,4.14874959899918,0.0113636363636364,1,1
darkgrey,2,98,104,0,0,0,202,15712,1,0,0,1,1
darkgrey,3,98,53,0,0,0,151,15712,1,0,0,1,1
darkgrey,8,98,82,0,0,0,180,15712,1,0,0,1,1
darkgrey,14,98,88,0.02,0.023,2,184,15712,0.104513630181175,3.7610578839761,0.0108695652173913,1,1
darkgrey,6,98,58,0,0,0,156,15712,1,0,0,1,1
darkgrey,7,98,78,0,0,0,176,15712,1,0,0,1,1
darkgrey,5,98,24,0,0,0,122,15712,1,0,0,1,1
darkgrey,16,98,100,0,0,0,198,15712,1,0,0,1,1
darkgrey,11,98,25,0,0,0,123,15712,1,0,0,1,1
darkgrey,15,98,32,0,0,0,130,15712,1,0,0,1,1
darkgrey,10,98,64,0,0,0,162,15712,1,0,0,1,1
darkgrey,1,98,20,0,0,0,118,15712,1,0,0,1,1
darkgrey,12,98,58,0,0,0,156,15712,1,0,0,1,1
darkgrey,9,98,24,0,0,0,122,15712,1,0,0,1,1
darkred,4,108,66,0,0,0,174,15712,1,0,0,1,1
darkred,17,108,44,0,0,0,152,15712,1,0,0,1,1
darkred,13,108,80,0.009,0.012,1,187,15712,0.424889763367756,1.83659347453621,0.0053475935828877,1,1
darkred,2,108,104,0,0,0,212,15712,1,0,0,1,1
darkred,3,108,53,0,0,0,161,15712,1,0,0,1,1
darkred,8,108,82,0.009,0.012,1,189,15712,0.432809327854195,1.79090176428661,0.00529100529100529,1,1
darkred,14,108,88,0,0,0,196,15712,1,0,0,1,1
darkred,6,108,58,0,0,0,166,15712,1,0,0,1,1
darkred,7,108,78,0,0,0,186,15712,1,0,0,1,1
darkred,5,108,24,0,0,0,132,15712,1,0,0,1,1
darkred,16,108,100,0,0,0,208,15712,1,0,0,1,1
darkred,11,108,25,0,0,0,133,15712,1,0,0,1,1
darkred,15,108,32,0.009,0.031,1,139,15712,0.198233215418462,4.69377499572728,0.00719424460431655,1,1
darkred,10,108,64,0,0,0,172,15712,1,0,0,1,1
darkred,1,108,20,0,0,0,128,15712,1,0,0,1,1
darkred,12,108,58,0,0,0,166,15712,1,0,0,1,1
darkred,9,108,24,0.009,0.042,1,131,15712,0.152666349789934,6.32900072578484,0.00763358778625954,1,1
salmon,4,172,66,0,0,0,238,15712,1,0,0,1,1
salmon,17,172,44,0.006,0.023,1,215,15712,0.384298823493474,2.1074346490768,0.00465116279069768,1,1
salmon,13,172,80,0,0,0,252,15712,1,0,0,1,1
salmon,2,172,104,0.006,0.01,1,275,15712,0.682906956568255,0.876461749906099,0.00363636363636364,1,1
salmon,3,172,53,0,0,0,225,15712,1,0,0,1,1
salmon,8,172,82,0,0,0,254,15712,1,0,0,1,1
salmon,14,172,88,0,0,0,260,15712,1,0,0,1,1
salmon,6,172,58,0,0,0,230,15712,1,0,0,1,1
salmon,7,172,78,0,0,0,250,15712,1,0,0,1,1
salmon,5,172,24,0,0,0,196,15712,1,0,0,1,1
salmon,16,172,100,0.006,0.01,1,271,15712,0.668538142051693,0.912108576128768,0.003690036900369,1,1
salmon,11,172,25,0,0,0,197,15712,1,0,0,1,1
salmon,15,172,32,0.006,0.031,1,203,15712,0.297132503332817,2.92526617984123,0.00492610837438424,1,1
salmon,10,172,64,0.006,0.016,1,235,15712,0.506334957695196,1.43657476762123,0.00425531914893617,1,1
salmon,1,172,20,0.006,0.05,1,191,15712,0.197707551926597,4.77600729053015,0.00523560209424084,1,1
salmon,12,172,58,0,0,0,230,15712,1,0,0,1,1
salmon,9,172,24,0.006,0.042,1,195,15712,0.232312386330503,3.94463081082383,0.00512820512820513,1,1
navajowhite2,4,44,66,0,0,0,110,15712,1,0,0,1,1
navajowhite2,17,44,44,0,0,0,88,15712,1,0,0,1,1
navajowhite2,13,44,80,0,0,0,124,15712,1,0,0,1,1
navajowhite2,2,44,104,0,0,0,148,15712,1,0,0,1,1
navajowhite2,3,44,53,0,0,0,97,15712,1,0,0,1,1
navajowhite2,8,44,82,0,0,0,126,15712,1,0,0,1,1
navajowhite2,14,44,88,0,0,0,132,15712,1,0,0,1,1
navajowhite2,6,44,58,0,0,0,102,15712,1,0,0,1,1
navajowhite2,7,44,78,0,0,0,122,15712,1,0,0,1,1
navajowhite2,16,44,100,0.023,0.01,1,143,15712,0.245214799926889,3.65687153620002,0.00699300699300699,1,1
navajowhite2,11,44,25,0,0,0,69,15712,1,0,0,1,1
navajowhite2,15,44,32,0,0,0,76,15712,1,0,0,1,1
navajowhite2,10,44,64,0,0,0,108,15712,1,0,0,1,1
navajowhite2,1,44,20,0,0,0,64,15712,1,0,0,1,1
navajowhite2,12,44,58,0,0,0,102,15712,1,0,0,1,1
navajowhite2,9,44,24,0,0,0,68,15712,1,0,0,1,1
black,4,243,66,0.004,0.015,1,308,15712,0.643305211758225,0.979276559845983,0.00324675324675325,1,1
black,13,243,80,0.008,0.025,2,321,15712,0.35166480369221,1.63743520576862,0.00623052959501558,1,1
black,2,243,104,0,0,0,347,15712,1,0,0,1,1
black,3,243,53,0.004,0.019,1,295,15712,0.5628494051001,1.22510735166753,0.00338983050847458,1,1
black,8,243,82,0,0,0,325,15712,1,0,0,1,1
black,14,243,88,0,0,0,331,15712,1,0,0,1,1
black,6,243,58,0.004,0.017,1,300,15712,0.595735981372486,1.11728810957024,0.00333333333333333,1,1
black,7,243,78,0.004,0.013,1,320,15712,0.704408649482306,0.826025994662945,0.003125,1,1
black,5,243,24,0,0,0,267,15712,1,0,0,1,1
black,16,243,100,0.004,0.01,1,342,15712,0.790628103361428,0.641553672251247,0.00292397660818713,1,1
black,11,243,25,0,0,0,268,15712,1,0,0,1,1
black,15,243,32,0,0,0,275,15712,1,0,0,1,1
black,10,243,64,0,0,0,307,15712,1,0,0,1,1
black,1,243,20,0,0,0,263,15712,1,0,0,1,1
black,12,243,58,0.008,0.034,2,299,15712,0.226043723486669,2.28389367070451,0.00668896321070234,1,1
black,9,243,24,0,0,0,267,15712,1,0,0,1,1
lightyellow,4,130,66,0,0,0,196,15712,1,0,0,1,1
lightyellow,17,130,44,0,0,0,174,15712,1,0,0,1,1
lightyellow,13,130,80,0.008,0.012,1,209,15712,0.486421104681749,1.52115806347562,0.00478468899521531,1,1
lightyellow,3,130,53,0.008,0.019,1,182,15712,0.356656114351909,2.3149197160501,0.0054945054945055,1,1
lightyellow,8,130,82,0,0,0,212,15712,1,0,0,1,1
lightyellow,6,130,58,0.008,0.017,1,187,15712,0.382924669106039,2.11124537967321,0.0053475935828877,1,1
lightyellow,7,130,78,0.008,0.013,1,207,15712,0.47777206716292,1.56087531890294,0.00483091787439614,1,1
lightyellow,5,130,24,0,0,0,154,15712,1,0,0,1,1
lightyellow,16,130,100,0.008,0.01,1,229,15712,0.565463173323053,1.21233746757314,0.00436681222707424,1,1
lightyellow,11,130,25,0,0,0,155,15712,1,0,0,1,1
lightyellow,10,130,64,0,0,0,194,15712,1,0,0,1,1
lightyellow,1,130,20,0.008,0.05,1,149,15712,0.153180715512662,6.34748785321263,0.00671140939597315,1,1
lightyellow,12,130,58,0.008,0.017,1,187,15712,0.382924669106039,2.11124537967321,0.0053475935828877,1,1
lightyellow,9,130,24,0,0,0,154,15712,1,0,0,1,1
skyblue2,4,39,66,0.026,0.015,1,104,15712,0.151570380140656,6.31685865119616,0.00961538461538462,1,1
skyblue2,17,39,44,0,0,0,83,15712,1,0,0,1,1
skyblue2,13,39,80,0,0,0,119,15712,1,0,0,1,1
skyblue2,2,39,104,0,0,0,143,15712,1,0,0,1,1
skyblue2,3,39,53,0,0,0,92,15712,1,0,0,1,1
skyblue2,8,39,82,0,0,0,121,15712,1,0,0,1,1
skyblue2,14,39,88,0.026,0.011,1,126,15712,0.196928742169393,4.71327644285259,0.00793650793650794,1,1
skyblue2,6,39,58,0,0,0,97,15712,1,0,0,1,1
skyblue2,7,39,78,0,0,0,117,15712,1,0,0,1,1
skyblue2,5,39,24,0,0,0,63,15712,1,0,0,1,1
skyblue2,16,39,100,0,0,0,139,15712,1,0,0,1,1
skyblue2,11,39,25,0,0,0,64,15712,1,0,0,1,1
skyblue2,15,39,32,0,0,0,71,15712,1,0,0,1,1
skyblue2,10,39,64,0,0,0,103,15712,1,0,0,1,1
skyblue2,1,39,20,0,0,0,59,15712,1,0,0,1,1
skyblue2,12,39,58,0,0,0,97,15712,1,0,0,1,1
skyblue2,9,39,24,0,0,0,63,15712,1,0,0,1,1
purple,17,225,44,0,0,0,269,15712,1,0,0,1,1
purple,13,225,80,0.013,0.038,3,302,15712,0.107181993894149,2.70407452307871,0.00993377483443709,1,1
purple,2,225,104,0,0,0,329,15712,1,0,0,1,1
purple,8,225,82,0,0,0,307,15712,1,0,0,1,1
purple,14,225,88,0.004,0.011,1,312,15712,0.719966589974401,0.790240307061179,0.00320512820512821,1,1
purple,6,225,58,0.004,0.017,1,282,15712,0.567473643074553,1.20847179431506,0.00354609929078014,1,1
purple,7,225,78,0.009,0.026,2,301,15712,0.307580646279005,1.81842855156361,0.00664451827242525,1,1
purple,11,225,25,0,0,0,250,15712,1,0,0,1,1
purple,15,225,32,0.004,0.031,1,256,15712,0.369990580682033,2.2255235897069,0.00390625,1,1
purple,1,225,20,0,0,0,245,15712,1,0,0,1,1
purple,9,225,24,0,0,0,249,15712,1,0,0,1,1
midnightblue,4,165,66,0.006,0.015,1,230,15712,0.502529364332886,1.45226916772039,0.00434782608695652,1,1
midnightblue,17,165,44,0.006,0.023,1,208,15712,0.371959559473237,2.19849404828613,0.00480769230769231,1,1
midnightblue,13,165,80,0.012,0.025,2,243,15712,0.205226584939244,2.4332423894555,0.00823045267489712,1,1
midnightblue,2,165,104,0,0,0,269,15712,1,0,0,1,1
midnightblue,3,165,53,0.012,0.038,2,216,15712,0.106822698730717,3.7276608261681,0.00925925925925926,1,1
midnightblue,8,165,82,0,0,0,247,15712,1,0,0,1,1
midnightblue,6,165,58,0,0,0,223,15712,1,0,0,1,1
midnightblue,7,165,78,0.006,0.013,1,242,15712,0.56197779013926,1.22503555499105,0.00413223140495868,1,1
midnightblue,5,165,24,0,0,0,189,15712,1,0,0,1,1
midnightblue,16,165,100,0.012,0.02,2,263,15712,0.282823685361623,1.93415931217183,0.00760456273764259,1,1
midnightblue,11,165,25,0,0,0,190,15712,1,0,0,1,1
midnightblue,15,165,32,0.006,0.031,1,196,15712,0.286919761508743,3.05147247557796,0.00510204081632653,1,1
midnightblue,10,165,64,0,0,0,229,15712,1,0,0,1,1
midnightblue,12,165,58,0,0,0,223,15712,1,0,0,1,1
midnightblue,9,165,24,0.006,0.042,1,188,15712,0.22396371447554,4.11475086057558,0.00531914893617021,1,1
plum2,4,50,66,0.02,0.015,1,115,15712,0.190065984679721,4.89512123131368,0.00869565217391304,1,1
plum2,17,50,44,0,0,0,94,15712,1,0,0,1,1
plum2,13,50,80,0,0,0,130,15712,1,0,0,1,1
plum2,2,50,104,0,0,0,154,15712,1,0,0,1,1
plum2,3,50,53,0,0,0,103,15712,1,0,0,1,1
plum2,14,50,88,0,0,0,138,15712,1,0,0,1,1
plum2,6,50,58,0,0,0,108,15712,1,0,0,1,1
plum2,7,50,78,0,0,0,128,15712,1,0,0,1,1
plum2,5,50,24,0,0,0,74,15712,1,0,0,1,1
plum2,16,50,100,0,0,0,150,15712,1,0,0,1,1
plum2,11,50,25,0,0,0,75,15712,1,0,0,1,1
plum2,15,50,32,0,0,0,82,15712,1,0,0,1,1
plum2,10,50,64,0,0,0,114,15712,1,0,0,1,1
plum2,1,50,20,0,0,0,70,15712,1,0,0,1,1
plum2,12,50,58,0,0,0,108,15712,1,0,0,1,1
plum2,9,50,24,0,0,0,74,15712,1,0,0,1,1
darkturquoise,4,100,66,0,0,0,166,15712,1,0,0,1,1
darkturquoise,17,100,44,0,0,0,144,15712,1,0,0,1,1
darkturquoise,2,100,104,0,0,0,204,15712,1,0,0,1,1
darkturquoise,3,100,53,0,0,0,153,15712,1,0,0,1,1
darkturquoise,8,100,82,0,0,0,182,15712,1,0,0,1,1
darkturquoise,14,100,88,0,0,0,188,15712,1,0,0,1,1
darkturquoise,6,100,58,0,0,0,158,15712,1,0,0,1,1
darkturquoise,7,100,78,0.02,0.026,2,176,15712,0.0882521728947885,4.17104549870207,0.0113636363636364,1,1
darkturquoise,5,100,24,0,0,0,124,15712,1,0,0,1,1
darkturquoise,16,100,100,0,0,0,200,15712,1,0,0,1,1
darkturquoise,11,100,25,0,0,0,125,15712,1,0,0,1,1
darkturquoise,15,100,32,0,0,0,132,15712,1,0,0,1,1
darkturquoise,10,100,64,0.01,0.016,1,163,15712,0.335989847756505,2.49262905024713,0.00613496932515337,1,1
darkturquoise,1,100,20,0,0,0,120,15712,1,0,0,1,1
darkturquoise,12,100,58,0.01,0.017,1,157,15712,0.309955966927697,2.75616496302854,0.00636942675159236,1,1
darkturquoise,9,100,24,0,0,0,124,15712,1,0,0,1,1
coral1,4,40,66,0.025,0.015,1,105,15712,0.155143171240686,6.15452212374881,0.00952380952380953,1,1
coral1,17,40,44,0.025,0.023,1,83,15712,0.106235605561262,9.31378688597372,0.0120481927710843,1,1
coral1,13,40,80,0,0,0,120,15712,1,0,0,1,1
coral1,2,40,104,0,0,0,144,15712,1,0,0,1,1
coral1,3,40,53,0,0,0,93,15712,1,0,0,1,1
coral1,8,40,82,0,0,0,122,15712,1,0,0,1,1
coral1,14,40,88,0.025,0.011,1,127,15712,0.201437787705608,4.5922346313988,0.0078740157480315,1,1
coral1,6,40,58,0,0,0,98,15712,1,0,0,1,1
coral1,7,40,78,0,0,0,118,15712,1,0,0,1,1
coral1,5,40,24,0,0,0,64,15712,1,0,0,1,1
coral1,16,40,100,0.025,0.01,1,139,15712,0.225637068009852,4.03222760978196,0.00719424460431655,1,1
coral1,11,40,25,0,0,0,65,15712,1,0,0,1,1
coral1,1,40,20,0,0,0,60,15712,1,0,0,1,1
coral1,12,40,58,0.025,0.017,1,97,15712,0.137668312641697,7.02285764138985,0.0103092783505155,1,1
coral1,9,40,24,0,0,0,64,15712,1,0,0,1,1
skyblue,4,82,66,0,0,0,148,15712,1,0,0,1,1
skyblue,17,82,44,0,0,0,126,15712,1,0,0,1,1
skyblue,13,82,80,0.012,0.012,1,161,15712,0.342734542668737,2.4300041732209,0.0062111801242236,1,1
skyblue,2,82,104,0,0,0,186,15712,1,0,0,1,1
skyblue,3,82,53,0,0,0,135,15712,1,0,0,1,1
skyblue,8,82,82,0,0,0,164,15712,1,0,0,1,1
skyblue,14,82,88,0,0,0,170,15712,1,0,0,1,1
skyblue,6,82,58,0,0,0,140,15712,1,0,0,1,1
skyblue,7,82,78,0.012,0.013,1,159,15712,0.335785006167886,2.49328915202302,0.00628930817610063,1,1
skyblue,5,82,24,0,0,0,106,15712,1,0,0,1,1
skyblue,16,82,100,0.012,0.01,1,181,15712,0.408397651974809,1.93666380181645,0.00552486187845304,1,1
skyblue,11,82,25,0,0,0,107,15712,1,0,0,1,1
skyblue,15,82,32,0,0,0,114,15712,1,0,0,1,1
skyblue,10,82,64,0,0,0,146,15712,1,0,0,1,1
skyblue,1,82,20,0,0,0,102,15712,1,0,0,1,1
skyblue,9,82,24,0.012,0.042,1,105,15712,0.118098425207652,8.37308708612468,0.00952380952380953,1,1
darkseagreen4,4,40,66,0,0,0,106,15712,1,0,0,1,1
darkseagreen4,17,40,44,0,0,0,84,15712,1,0,0,1,1
darkseagreen4,13,40,80,0,0,0,120,15712,1,0,0,1,1
darkseagreen4,2,40,104,0,0,0,144,15712,1,0,0,1,1
darkseagreen4,3,40,53,0,0,0,93,15712,1,0,0,1,1
darkseagreen4,8,40,82,0,0,0,122,15712,1,0,0,1,1
darkseagreen4,14,40,88,0,0,0,128,15712,1,0,0,1,1
darkseagreen4,6,40,58,0,0,0,98,15712,1,0,0,1,1
darkseagreen4,7,40,78,0,0,0,118,15712,1,0,0,1,1
darkseagreen4,5,40,24,0,0,0,64,15712,1,0,0,1,1
darkseagreen4,16,40,100,0,0,0,140,15712,1,0,0,1,1
darkseagreen4,11,40,25,0,0,0,65,15712,1,0,0,1,1
darkseagreen4,15,40,32,0,0,0,72,15712,1,0,0,1,1
darkseagreen4,10,40,64,0,0,0,104,15712,1,0,0,1,1
darkseagreen4,1,40,20,0,0,0,60,15712,1,0,0,1,1
darkseagreen4,12,40,58,0,0,0,98,15712,1,0,0,1,1
darkseagreen4,9,40,24,0,0,0,64,15712,1,0,0,1,1
steelblue,4,77,66,0,0,0,143,15712,1,0,0,1,1
steelblue,17,77,44,0,0,0,121,15712,1,0,0,1,1
steelblue,13,77,80,0,0,0,157,15712,1,0,0,1,1
steelblue,2,77,104,0,0,0,181,15712,1,0,0,1,1
steelblue,3,77,53,0,0,0,130,15712,1,0,0,1,1
steelblue,8,77,82,0,0,0,159,15712,1,0,0,1,1
steelblue,14,77,88,0,0,0,165,15712,1,0,0,1,1
steelblue,7,77,78,0,0,0,155,15712,1,0,0,1,1
steelblue,5,77,24,0,0,0,101,15712,1,0,0,1,1
steelblue,16,77,100,0.013,0.01,1,176,15712,0.389107466175698,2.06472165034805,0.00568181818181818,1,1
steelblue,11,77,25,0,0,0,102,15712,1,0,0,1,1
steelblue,15,77,32,0.013,0.031,1,108,15712,0.145607013779038,6.62074973931768,0.00925925925925926,1,1
steelblue,10,77,64,0,0,0,141,15712,1,0,0,1,1
steelblue,1,77,20,0,0,0,97,15712,1,0,0,1,1
steelblue,12,77,58,0,0,0,135,15712,1,0,0,1,1
steelblue,9,77,24,0.013,0.042,1,100,15712,0.111297596963561,8.92731264976559,0.01,1,1
lightpink4,4,43,66,0.023,0.015,1,108,15712,0.165772876940507,5.71398720400486,0.00925925925925926,1,1
lightpink4,17,43,44,0,0,0,87,15712,1,0,0,1,1
lightpink4,13,43,80,0,0,0,123,15712,1,0,0,1,1
lightpink4,2,43,104,0,0,0,147,15712,1,0,0,1,1
lightpink4,8,43,82,0,0,0,125,15712,1,0,0,1,1
lightpink4,14,43,88,0.023,0.011,1,130,15712,0.214815286603092,4.26352489243615,0.00769230769230769,1,1
lightpink4,6,43,58,0,0,0,101,15712,1,0,0,1,1
lightpink4,7,43,78,0.023,0.013,1,120,15712,0.192882719647951,4.81981270727406,0.00833333333333333,1,1
lightpink4,5,43,24,0,0,0,67,15712,1,0,0,1,1
lightpink4,16,43,100,0,0,0,143,15712,1,0,0,1,1
lightpink4,11,43,25,0,0,0,68,15712,1,0,0,1,1
lightpink4,15,43,32,0,0,0,75,15712,1,0,0,1,1
lightpink4,10,43,64,0,0,0,107,15712,1,0,0,1,1
lightpink4,1,43,20,0,0,0,63,15712,1,0,0,1,1
lightpink4,9,43,24,0,0,0,67,15712,1,0,0,1,1
royalblue,4,117,66,0.009,0.015,1,182,15712,0.390025176649178,2.05954489471001,0.0054945054945055,1,1
royalblue,17,117,44,0,0,0,161,15712,1,0,0,1,1
royalblue,13,117,80,0.009,0.012,1,196,15712,0.450895295707465,1.69306595717187,0.00510204081632653,1,1
royalblue,2,117,104,0,0,0,221,15712,1,0,0,1,1
royalblue,3,117,53,0.009,0.019,1,169,15712,0.327533340444538,2.57649210708259,0.00591715976331361,1,1
royalblue,8,117,82,0,0,0,199,15712,1,0,0,1,1
royalblue,14,117,88,0,0,0,205,15712,1,0,0,1,1
royalblue,6,117,58,0.009,0.017,1,174,15712,0.352286317237514,2.34969040968294,0.00574712643678161,1,1
royalblue,5,117,24,0,0,0,141,15712,1,0,0,1,1
royalblue,16,117,100,0.017,0.02,2,215,15712,0.170826488076434,2.74979439593567,0.00930232558139535,1,1
royalblue,11,117,25,0,0,0,142,15712,1,0,0,1,1
royalblue,15,117,32,0,0,0,149,15712,1,0,0,1,1
royalblue,10,117,64,0,0,0,181,15712,1,0,0,1,1
royalblue,1,117,20,0,0,0,137,15712,1,0,0,1,1
royalblue,12,117,58,0,0,0,175,15712,1,0,0,1,1
royalblue,9,117,24,0,0,0,141,15712,1,0,0,1,1
plum,4,35,66,0,0,0,101,15712,1,0,0,1,1
plum,17,35,44,0,0,0,79,15712,1,0,0,1,1
plum,13,35,80,0,0,0,115,15712,1,0,0,1,1
plum,2,35,104,0,0,0,139,15712,1,0,0,1,1
plum,3,35,53,0,0,0,88,15712,1,0,0,1,1
plum,8,35,82,0,0,0,117,15712,1,0,0,1,1
plum,14,35,88,0.029,0.011,1,122,15712,0.178639475666477,5.26982046875177,0.00819672131147541,1,1
plum,6,35,58,0,0,0,93,15712,1,0,0,1,1
plum,7,35,78,0,0,0,113,15712,1,0,0,1,1
plum,5,35,24,0,0,0,59,15712,1,0,0,1,1
plum,16,35,100,0,0,0,135,15712,1,0,0,1,1
plum,11,35,25,0,0,0,60,15712,1,0,0,1,1
plum,15,35,32,0,0,0,67,15712,1,0,0,1,1
plum,10,35,64,0,0,0,99,15712,1,0,0,1,1
plum,1,35,20,0,0,0,55,15712,1,0,0,1,1
plum,12,35,58,0,0,0,93,15712,1,0,0,1,1
plum,9,35,24,0,0,0,59,15712,1,0,0,1,1
lightcyan1,4,59,66,0,0,0,125,15712,1,0,0,1,1
lightcyan1,17,59,44,0.017,0.023,1,102,15712,0.152752474555395,6.2568840270165,0.00980392156862745,1,1
lightcyan1,13,59,80,0,0,0,139,15712,1,0,0,1,1
lightcyan1,2,59,104,0,0,0,163,15712,1,0,0,1,1
lightcyan1,3,59,53,0.017,0.019,1,111,15712,0.181044704366727,5.17217538033502,0.00900900900900901,1,1
lightcyan1,8,59,82,0,0,0,141,15712,1,0,0,1,1
lightcyan1,14,59,88,0,0,0,147,15712,1,0,0,1,1
lightcyan1,6,59,58,0,0,0,117,15712,1,0,0,1,1
lightcyan1,5,59,24,0,0,0,83,15712,1,0,0,1,1
lightcyan1,16,59,100,0,0,0,159,15712,1,0,0,1,1
lightcyan1,11,59,25,0,0,0,84,15712,1,0,0,1,1
lightcyan1,15,59,32,0,0,0,91,15712,1,0,0,1,1
lightcyan1,10,59,64,0,0,0,123,15712,1,0,0,1,1
lightcyan1,1,59,20,0,0,0,79,15712,1,0,0,1,1
lightcyan1,12,59,58,0.017,0.017,1,116,15712,0.196359125392488,4.71624653698977,0.00862068965517241,1,1
lightcyan1,9,59,24,0,0,0,83,15712,1,0,0,1,1
ivory,17,58,44,0,0,0,102,15712,1,0,0,1,1
ivory,13,58,80,0.017,0.012,1,137,15712,0.256665996230453,3.45822493246289,0.0072992700729927,1,1
ivory,2,58,104,0.017,0.01,1,161,15712,0.320154244632799,2.64846513818591,0.0062111801242236,1,1
ivory,3,58,53,0,0,0,111,15712,1,0,0,1,1
ivory,8,58,82,0,0,0,140,15712,1,0,0,1,1
ivory,14,58,88,0,0,0,146,15712,1,0,0,1,1
ivory,6,58,58,0,0,0,116,15712,1,0,0,1,1
ivory,5,58,24,0,0,0,82,15712,1,0,0,1,1
ivory,16,58,100,0,0,0,158,15712,1,0,0,1,1
ivory,11,58,25,0,0,0,83,15712,1,0,0,1,1
ivory,15,58,32,0,0,0,90,15712,1,0,0,1,1
ivory,1,58,20,0,0,0,78,15712,1,0,0,1,1
ivory,12,58,58,0.017,0.017,1,115,15712,0.193370463509485,4.79908525345652,0.00869565217391304,1,1
ivory,9,58,24,0,0,0,82,15712,1,0,0,1,1
mediumpurple2,4,33,66,0.03,0.015,1,98,15712,0.129819030676664,7.50397282400887,0.0102040816326531,1,1
mediumpurple2,17,33,44,0,0,0,77,15712,1,0,0,1,1
mediumpurple2,13,33,80,0,0,0,113,15712,1,0,0,1,1
mediumpurple2,2,33,104,0,0,0,137,15712,1,0,0,1,1
mediumpurple2,3,33,53,0,0,0,86,15712,1,0,0,1,1
mediumpurple2,8,33,82,0.03,0.012,1,114,15712,0.158738378089756,6.0157692492014,0.0087719298245614,1,1
mediumpurple2,14,33,88,0,0,0,121,15712,1,0,0,1,1
mediumpurple2,6,33,58,0,0,0,91,15712,1,0,0,1,1
mediumpurple2,7,33,78,0,0,0,111,15712,1,0,0,1,1
mediumpurple2,5,33,24,0,0,0,57,15712,1,0,0,1,1
mediumpurple2,16,33,100,0,0,0,133,15712,1,0,0,1,1
mediumpurple2,11,33,25,0,0,0,58,15712,1,0,0,1,1
mediumpurple2,15,33,32,0,0,0,65,15712,1,0,0,1,1
mediumpurple2,10,33,64,0,0,0,97,15712,1,0,0,1,1
mediumpurple2,1,33,20,0,0,0,53,15712,1,0,0,1,1
mediumpurple2,12,33,58,0,0,0,91,15712,1,0,0,1,1
mediumpurple2,9,33,24,0,0,0,57,15712,1,0,0,1,1
antiquewhite4,4,39,66,0,0,0,105,15712,1,0,0,1,1
antiquewhite4,17,39,44,0,0,0,83,15712,1,0,0,1,1
antiquewhite4,13,39,80,0,0,0,119,15712,1,0,0,1,1
antiquewhite4,2,39,104,0,0,0,143,15712,1,0,0,1,1
antiquewhite4,3,39,53,0,0,0,92,15712,1,0,0,1,1
antiquewhite4,8,39,82,0,0,0,121,15712,1,0,0,1,1
antiquewhite4,14,39,88,0,0,0,127,15712,1,0,0,1,1
antiquewhite4,6,39,58,0,0,0,97,15712,1,0,0,1,1
antiquewhite4,7,39,78,0,0,0,117,15712,1,0,0,1,1
antiquewhite4,5,39,24,0,0,0,63,15712,1,0,0,1,1
antiquewhite4,16,39,100,0,0,0,139,15712,1,0,0,1,1
antiquewhite4,11,39,25,0,0,0,64,15712,1,0,0,1,1
antiquewhite4,15,39,32,0,0,0,71,15712,1,0,0,1,1
antiquewhite4,10,39,64,0,0,0,103,15712,1,0,0,1,1
antiquewhite4,1,39,20,0,0,0,59,15712,1,0,0,1,1
antiquewhite4,12,39,58,0,0,0,97,15712,1,0,0,1,1
antiquewhite4,9,39,24,0,0,0,63,15712,1,0,0,1,1
lavenderblush3,4,41,66,0,0,0,107,15712,1,0,0,1,1
lavenderblush3,17,41,44,0,0,0,85,15712,1,0,0,1,1
lavenderblush3,13,41,80,0.024,0.012,1,120,15712,0.189057769589042,4.93364150008703,0.00833333333333333,1,1
lavenderblush3,2,41,104,0,0,0,145,15712,1,0,0,1,1
lavenderblush3,3,41,53,0,0,0,94,15712,1,0,0,1,1
lavenderblush3,8,41,82,0,0,0,123,15712,1,0,0,1,1
lavenderblush3,14,41,88,0.024,0.011,1,128,15712,0.205921802169745,4.47767071510079,0.0078125,1,1
lavenderblush3,6,41,58,0.024,0.017,1,98,15712,0.140859688207469,6.84468220059708,0.0102040816326531,1,1
lavenderblush3,7,41,78,0,0,0,119,15712,1,0,0,1,1
lavenderblush3,5,41,24,0,0,0,65,15712,1,0,0,1,1
lavenderblush3,16,41,100,0,0,0,141,15712,1,0,0,1,1
lavenderblush3,15,41,32,0,0,0,73,15712,1,0,0,1,1
lavenderblush3,1,41,20,0,0,0,61,15712,1,0,0,1,1
lavenderblush3,12,41,58,0,0,0,99,15712,1,0,0,1,1
lavenderblush3,9,41,24,0,0,0,65,15712,1,0,0,1,1
sienna3,4,72,66,0,0,0,138,15712,1,0,0,1,1
sienna3,17,72,44,0.014,0.023,1,115,15712,0.183207680619459,5.10810653574607,0.00869565217391304,1,1
sienna3,13,72,80,0.014,0.012,1,151,15712,0.308139085922227,2.77393486359793,0.00662251655629139,1,1
sienna3,8,72,82,0,0,0,154,15712,1,0,0,1,1
sienna3,14,72,88,0,0,0,160,15712,1,0,0,1,1
sienna3,5,72,24,0,0,0,96,15712,1,0,0,1,1
sienna3,16,72,100,0.014,0.01,1,171,15712,0.369194783876701,2.2107578946471,0.00584795321637427,1,1
sienna3,11,72,25,0,0,0,97,15712,1,0,0,1,1
sienna3,15,72,32,0,0,0,104,15712,1,0,0,1,1
sienna3,1,72,20,0,0,0,92,15712,1,0,0,1,1
sienna3,9,72,24,0,0,0,96,15712,1,0,0,1,1
yellow4,4,38,66,0,0,0,104,15712,1,0,0,1,1
yellow4,17,38,44,0,0,0,82,15712,1,0,0,1,1
yellow4,13,38,80,0,0,0,118,15712,1,0,0,1,1
yellow4,2,38,104,0,0,0,142,15712,1,0,0,1,1
yellow4,3,38,53,0,0,0,91,15712,1,0,0,1,1
yellow4,8,38,82,0,0,0,120,15712,1,0,0,1,1
yellow4,6,38,58,0,0,0,96,15712,1,0,0,1,1
yellow4,7,38,78,0,0,0,116,15712,1,0,0,1,1
yellow4,16,38,100,0,0,0,138,15712,1,0,0,1,1
yellow4,11,38,25,0,0,0,63,15712,1,0,0,1,1
yellow4,15,38,32,0,0,0,70,15712,1,0,0,1,1
yellow4,10,38,64,0,0,0,102,15712,1,0,0,1,1
yellow4,1,38,20,0,0,0,58,15712,1,0,0,1,1
yellow4,12,38,58,0,0,0,96,15712,1,0,0,1,1
salmon4,4,46,66,0,0,0,112,15712,1,0,0,1,1
salmon4,17,46,44,0,0,0,90,15712,1,0,0,1,1
salmon4,13,46,80,0,0,0,126,15712,1,0,0,1,1
salmon4,2,46,104,0,0,0,150,15712,1,0,0,1,1
salmon4,3,46,53,0,0,0,99,15712,1,0,0,1,1
salmon4,8,46,82,0,0,0,128,15712,1,0,0,1,1
salmon4,14,46,88,0,0,0,134,15712,1,0,0,1,1
salmon4,6,46,58,0,0,0,104,15712,1,0,0,1,1
salmon4,7,46,78,0,0,0,124,15712,1,0,0,1,1
salmon4,5,46,24,0,0,0,70,15712,1,0,0,1,1
salmon4,16,46,100,0,0,0,146,15712,1,0,0,1,1
salmon4,11,46,25,0,0,0,71,15712,1,0,0,1,1
salmon4,15,46,32,0,0,0,78,15712,1,0,0,1,1
salmon4,10,46,64,0,0,0,110,15712,1,0,0,1,1
salmon4,1,46,20,0,0,0,66,15712,1,0,0,1,1
salmon4,12,46,58,0,0,0,104,15712,1,0,0,1,1
salmon4,9,46,24,0,0,0,70,15712,1,0,0,1,1
brown4,4,55,66,0,0,0,121,15712,1,0,0,1,1
brown4,17,55,44,0,0,0,99,15712,1,0,0,1,1
brown4,13,55,80,0,0,0,135,15712,1,0,0,1,1
brown4,2,55,104,0.018,0.01,1,158,15712,0.306423953885385,2.79611204603548,0.00632911392405063,1,1
brown4,3,55,53,0,0,0,108,15712,1,0,0,1,1
brown4,8,55,82,0,0,0,137,15712,1,0,0,1,1
brown4,14,55,88,0,0,0,143,15712,1,0,0,1,1
brown4,6,55,58,0,0,0,113,15712,1,0,0,1,1
brown4,7,55,78,0,0,0,133,15712,1,0,0,1,1
brown4,5,55,24,0,0,0,79,15712,1,0,0,1,1
brown4,11,55,25,0,0,0,80,15712,1,0,0,1,1
brown4,15,55,32,0,0,0,87,15712,1,0,0,1,1
brown4,10,55,64,0,0,0,119,15712,1,0,0,1,1
brown4,1,55,20,0,0,0,75,15712,1,0,0,1,1
brown4,12,55,58,0,0,0,113,15712,1,0,0,1,1
brown4,9,55,24,0,0,0,79,15712,1,0,0,1,1
palevioletred3,4,45,66,0,0,0,111,15712,1,0,0,1,1
palevioletred3,17,45,44,0,0,0,89,15712,1,0,0,1,1
palevioletred3,13,45,80,0,0,0,125,15712,1,0,0,1,1
palevioletred3,2,45,104,0,0,0,149,15712,1,0,0,1,1
palevioletred3,3,45,53,0,0,0,98,15712,1,0,0,1,1
palevioletred3,8,45,82,0,0,0,127,15712,1,0,0,1,1
palevioletred3,14,45,88,0,0,0,133,15712,1,0,0,1,1
palevioletred3,6,45,58,0,0,0,103,15712,1,0,0,1,1
palevioletred3,7,45,78,0,0,0,123,15712,1,0,0,1,1
palevioletred3,5,45,24,0,0,0,69,15712,1,0,0,1,1
palevioletred3,16,45,100,0,0,0,145,15712,1,0,0,1,1
palevioletred3,11,45,25,0,0,0,70,15712,1,0,0,1,1
palevioletred3,15,45,32,0,0,0,77,15712,1,0,0,1,1
palevioletred3,10,45,64,0,0,0,109,15712,1,0,0,1,1
palevioletred3,1,45,20,0,0,0,65,15712,1,0,0,1,1
palevioletred3,12,45,58,0,0,0,103,15712,1,0,0,1,1
palevioletred3,9,45,24,0,0,0,69,15712,1,0,0,1,1
lightsteelblue1,4,62,66,0,0,0,128,15712,1,0,0,1,1
lightsteelblue1,17,62,44,0,0,0,106,15712,1,0,0,1,1
lightsteelblue1,13,62,80,0,0,0,142,15712,1,0,0,1,1
lightsteelblue1,2,62,104,0,0,0,166,15712,1,0,0,1,1
lightsteelblue1,3,62,53,0,0,0,115,15712,1,0,0,1,1
lightsteelblue1,8,62,82,0.016,0.012,1,143,15712,0.277512179801538,3.15050747714175,0.00699300699300699,1,1
lightsteelblue1,14,62,88,0.016,0.011,1,149,15712,0.294540738729964,2.93212101334067,0.00671140939597315,1,1
lightsteelblue1,6,62,58,0.016,0.017,1,119,15712,0.205259967840322,4.48309647009351,0.00840336134453782,1,1
lightsteelblue1,7,62,78,0,0,0,140,15712,1,0,0,1,1
lightsteelblue1,5,62,24,0,0,0,86,15712,1,0,0,1,1
lightsteelblue1,16,62,100,0,0,0,162,15712,1,0,0,1,1
lightsteelblue1,11,62,25,0,0,0,87,15712,1,0,0,1,1
lightsteelblue1,15,62,32,0,0,0,94,15712,1,0,0,1,1
lightsteelblue1,10,62,64,0,0,0,126,15712,1,0,0,1,1
lightsteelblue1,1,62,20,0,0,0,82,15712,1,0,0,1,1
lightsteelblue1,12,62,58,0,0,0,120,15712,1,0,0,1,1
lightsteelblue1,9,62,24,0,0,0,86,15712,1,0,0,1,1
mediumpurple3,17,63,44,0.016,0.023,1,106,15712,0.162239612859483,5.85184536641035,0.00943396226415094,1,1
mediumpurple3,2,63,104,0,0,0,167,15712,1,0,0,1,1
mediumpurple3,3,63,53,0,0,0,116,15712,1,0,0,1,1
mediumpurple3,8,63,82,0.016,0.012,1,144,15712,0.28129773898724,3.09949279451687,0.00694444444444444,1,1
mediumpurple3,14,63,88,0,0,0,151,15712,1,0,0,1,1
mediumpurple3,6,63,58,0,0,0,121,15712,1,0,0,1,1
mediumpurple3,5,63,24,0,0,0,87,15712,1,0,0,1,1
mediumpurple3,16,63,100,0,0,0,163,15712,1,0,0,1,1
mediumpurple3,11,63,25,0,0,0,88,15712,1,0,0,1,1
mediumpurple3,15,63,32,0.016,0.031,1,94,15712,0.120757695614368,8.12125200956518,0.0106382978723404,1,1
mediumpurple3,10,63,64,0.016,0.016,1,126,15712,0.227136594636675,3.98974256564068,0.00793650793650794,1,1
mediumpurple3,1,63,20,0,0,0,83,15712,1,0,0,1,1
mediumpurple3,9,63,24,0,0,0,87,15712,1,0,0,1,1
floralwhite,4,56,66,0,0,0,122,15712,1,0,0,1,1
floralwhite,17,56,44,0,0,0,100,15712,1,0,0,1,1
floralwhite,13,56,80,0,0,0,136,15712,1,0,0,1,1
floralwhite,2,56,104,0,0,0,160,15712,1,0,0,1,1
floralwhite,3,56,53,0.018,0.019,1,108,15712,0.172670346599908,5.45514125295643,0.00925925925925926,1,1
floralwhite,8,56,82,0,0,0,138,15712,1,0,0,1,1
floralwhite,14,56,88,0,0,0,144,15712,1,0,0,1,1
floralwhite,6,56,58,0,0,0,114,15712,1,0,0,1,1
floralwhite,7,56,78,0,0,0,134,15712,1,0,0,1,1
floralwhite,5,56,24,0,0,0,80,15712,1,0,0,1,1
floralwhite,16,56,100,0,0,0,156,15712,1,0,0,1,1
floralwhite,11,56,25,0,0,0,81,15712,1,0,0,1,1
floralwhite,15,56,32,0.018,0.031,1,87,15712,0.108071901315804,9.16132798333902,0.0114942528735632,1,1
floralwhite,10,56,64,0,0,0,120,15712,1,0,0,1,1
floralwhite,1,56,20,0,0,0,76,15712,1,0,0,1,1
floralwhite,12,56,58,0,0,0,114,15712,1,0,0,1,1
floralwhite,9,56,24,0,0,0,80,15712,1,0,0,1,1
orangered4,4,64,66,0.016,0.015,1,129,15712,0.236580848886992,3.80474039720736,0.00775193798449612,1,1
orangered4,17,64,44,0,0,0,108,15712,1,0,0,1,1
orangered4,13,64,80,0,0,0,144,15712,1,0,0,1,1
orangered4,2,64,104,0.016,0.01,1,167,15712,0.346812312529956,2.39552695967156,0.00598802395209581,1,1
orangered4,3,64,53,0.016,0.019,1,116,15712,0.194817516635871,4.75935786066207,0.00862068965517241,1,1
orangered4,8,64,82,0,0,0,146,15712,1,0,0,1,1
orangered4,14,64,88,0,0,0,152,15712,1,0,0,1,1
orangered4,6,64,58,0,0,0,122,15712,1,0,0,1,1
orangered4,5,64,24,0.016,0.042,1,87,15712,0.093379416705488,10.7783425250566,0.0114942528735632,1,1
orangered4,16,64,100,0.016,0.01,1,163,15712,0.335989847756501,2.49262905024115,0.00613496932515337,1,1
orangered4,11,64,25,0.016,0.04,1,88,15712,0.0970780218387767,10.3298729471988,0.0113636363636364,1,1
orangered4,15,64,32,0,0,0,96,15712,1,0,0,1,1
orangered4,10,64,64,0.016,0.016,1,127,15712,0.230297388166186,3.92596950984743,0.0078740157480315,1,1
orangered4,1,64,20,0,0,0,84,15712,1,0,0,1,1
orangered4,12,64,58,0,0,0,122,15712,1,0,0,1,1
orangered4,9,64,24,0,0,0,88,15712,1,0,0,1,1
darkslateblue,4,51,66,0,0,0,117,15712,1,0,0,1,1
darkslateblue,17,51,44,0,0,0,95,15712,1,0,0,1,1
darkslateblue,13,51,80,0,0,0,131,15712,1,0,0,1,1
darkslateblue,2,51,104,0,0,0,155,15712,1,0,0,1,1
darkslateblue,3,51,53,0,0,0,104,15712,1,0,0,1,1
darkslateblue,8,51,82,0,0,0,133,15712,1,0,0,1,1
darkslateblue,14,51,88,0,0,0,139,15712,1,0,0,1,1
darkslateblue,6,51,58,0,0,0,109,15712,1,0,0,1,1
darkslateblue,7,51,78,0,0,0,129,15712,1,0,0,1,1
darkslateblue,5,51,24,0,0,0,75,15712,1,0,0,1,1
darkslateblue,16,51,100,0,0,0,151,15712,1,0,0,1,1
darkslateblue,11,51,25,0,0,0,76,15712,1,0,0,1,1
darkslateblue,15,51,32,0,0,0,83,15712,1,0,0,1,1
darkslateblue,10,51,64,0,0,0,115,15712,1,0,0,1,1
darkslateblue,1,51,20,0,0,0,71,15712,1,0,0,1,1
darkslateblue,12,51,58,0,0,0,109,15712,1,0,0,1,1
darkslateblue,9,51,24,0,0,0,75,15712,1,0,0,1,1
honeydew1,4,41,66,0,0,0,107,15712,1,0,0,1,1
honeydew1,17,41,44,0,0,0,85,15712,1,0,0,1,1
honeydew1,13,41,80,0.024,0.012,1,120,15712,0.189057769589042,4.93364150008703,0.00833333333333333,1,1
honeydew1,2,41,104,0,0,0,145,15712,1,0,0,1,1
honeydew1,3,41,53,0,0,0,94,15712,1,0,0,1,1
honeydew1,8,41,82,0,0,0,123,15712,1,0,0,1,1
honeydew1,14,41,88,0,0,0,129,15712,1,0,0,1,1
honeydew1,6,41,58,0,0,0,99,15712,1,0,0,1,1
honeydew1,7,41,78,0,0,0,119,15712,1,0,0,1,1
honeydew1,5,41,24,0,0,0,65,15712,1,0,0,1,1
honeydew1,16,41,100,0,0,0,141,15712,1,0,0,1,1
honeydew1,11,41,25,0,0,0,66,15712,1,0,0,1,1
honeydew1,15,41,32,0,0,0,73,15712,1,0,0,1,1
honeydew1,10,41,64,0,0,0,105,15712,1,0,0,1,1
honeydew1,1,41,20,0,0,0,61,15712,1,0,0,1,1
honeydew1,12,41,58,0,0,0,99,15712,1,0,0,1,1
honeydew1,9,41,24,0,0,0,65,15712,1,0,0,1,1
lightcoral,4,32,66,0,0,0,98,15712,1,0,0,1,1
lightcoral,17,32,44,0,0,0,76,15712,1,0,0,1,1
lightcoral,13,32,80,0,0,0,112,15712,1,0,0,1,1
lightcoral,2,32,104,0,0,0,136,15712,1,0,0,1,1
lightcoral,3,32,53,0,0,0,85,15712,1,0,0,1,1
lightcoral,8,32,82,0.031,0.012,1,113,15712,0.15431579487417,6.21015428318796,0.00884955752212389,1,1
lightcoral,14,32,88,0,0,0,120,15712,1,0,0,1,1
lightcoral,6,32,58,0,0,0,90,15712,1,0,0,1,1
lightcoral,7,32,78,0,0,0,110,15712,1,0,0,1,1
lightcoral,5,32,24,0,0,0,56,15712,1,0,0,1,1
lightcoral,16,32,100,0,0,0,132,15712,1,0,0,1,1
lightcoral,11,32,25,0,0,0,57,15712,1,0,0,1,1
lightcoral,15,32,32,0,0,0,64,15712,1,0,0,1,1
lightcoral,1,32,20,0,0,0,52,15712,1,0,0,1,1
lightcoral,12,32,58,0,0,0,90,15712,1,0,0,1,1
lightcoral,9,32,24,0,0,0,56,15712,1,0,0,1,1
lightsteelblue,4,32,66,0,0,0,98,15712,1,0,0,1,1
lightsteelblue,17,32,44,0,0,0,76,15712,1,0,0,1,1
lightsteelblue,13,32,80,0,0,0,112,15712,1,0,0,1,1
lightsteelblue,2,32,104,0,0,0,136,15712,1,0,0,1,1
lightsteelblue,3,32,53,0,0,0,85,15712,1,0,0,1,1
lightsteelblue,8,32,82,0,0,0,114,15712,1,0,0,1,1
lightsteelblue,14,32,88,0.031,0.011,1,119,15712,0.164652856259906,5.77980931142746,0.00840336134453782,1,1
lightsteelblue,6,32,58,0,0,0,90,15712,1,0,0,1,1
lightsteelblue,7,32,78,0,0,0,110,15712,1,0,0,1,1
lightsteelblue,5,32,24,0,0,0,56,15712,1,0,0,1,1
lightsteelblue,16,32,100,0.031,0.01,1,131,15712,0.184961029098758,5.07561413248376,0.00763358778625954,1,1
lightsteelblue,11,32,25,0,0,0,57,15712,1,0,0,1,1
lightsteelblue,15,32,32,0,0,0,64,15712,1,0,0,1,1
lightsteelblue,10,32,64,0,0,0,96,15712,1,0,0,1,1
lightsteelblue,1,32,20,0,0,0,52,15712,1,0,0,1,1
lightsteelblue,12,32,58,0,0,0,90,15712,1,0,0,1,1
lightsteelblue,9,32,24,0,0,0,56,15712,1,0,0,1,1
thistle2,4,49,66,0,0,0,115,15712,1,0,0,1,1
thistle2,17,49,44,0,0,0,93,15712,1,0,0,1,1
thistle2,13,49,80,0,0,0,129,15712,1,0,0,1,1
thistle2,2,49,104,0,0,0,153,15712,1,0,0,1,1
thistle2,3,49,53,0,0,0,102,15712,1,0,0,1,1
thistle2,8,49,82,0.02,0.012,1,130,15712,0.226470318363707,4.00727597478958,0.00769230769230769,1,1
thistle2,14,49,88,0.02,0.011,1,136,15712,0.240909127806755,3.72935063991001,0.00735294117647059,1,1
thistle2,6,49,58,0,0,0,107,15712,1,0,0,1,1
thistle2,7,49,78,0,0,0,127,15712,1,0,0,1,1
thistle2,5,49,24,0,0,0,73,15712,1,0,0,1,1
thistle2,16,49,100,0,0,0,149,15712,1,0,0,1,1
thistle2,11,49,25,0,0,0,74,15712,1,0,0,1,1
thistle2,15,49,32,0.02,0.031,1,80,15712,0.0952088746911209,10.5007622139958,0.0125,1,1
thistle2,10,49,64,0,0,0,113,15712,1,0,0,1,1
thistle2,1,49,20,0,0,0,69,15712,1,0,0,1,1
thistle2,12,49,58,0,0,0,107,15712,1,0,0,1,1
indianred4,4,32,66,0,0,0,98,15712,1,0,0,1,1
indianred4,17,32,44,0,0,0,76,15712,1,0,0,1,1
indianred4,13,32,80,0,0,0,112,15712,1,0,0,1,1
indianred4,2,32,104,0,0,0,136,15712,1,0,0,1,1
indianred4,3,32,53,0,0,0,85,15712,1,0,0,1,1
indianred4,8,32,82,0,0,0,114,15712,1,0,0,1,1
indianred4,14,32,88,0,0,0,120,15712,1,0,0,1,1
indianred4,7,32,78,0,0,0,110,15712,1,0,0,1,1
indianred4,5,32,24,0,0,0,56,15712,1,0,0,1,1
indianred4,16,32,100,0,0,0,132,15712,1,0,0,1,1
indianred4,11,32,25,0,0,0,57,15712,1,0,0,1,1
indianred4,15,32,32,0,0,0,64,15712,1,0,0,1,1
indianred4,10,32,64,0,0,0,96,15712,1,0,0,1,1
indianred4,1,32,20,0,0,0,52,15712,1,0,0,1,1
indianred4,12,32,58,0.031,0.017,1,89,15712,0.111714394934852,8.83757207426621,0.0112359550561798,1,1
indianred4,9,32,24,0,0,0,56,15712,1,0,0,1,1
skyblue1,4,35,66,0,0,0,101,15712,1,0,0,1,1
skyblue1,17,35,44,0,0,0,79,15712,1,0,0,1,1
skyblue1,13,35,80,0,0,0,115,15712,1,0,0,1,1
skyblue1,2,35,104,0,0,0,139,15712,1,0,0,1,1
skyblue1,3,35,53,0,0,0,88,15712,1,0,0,1,1
skyblue1,8,35,82,0,0,0,117,15712,1,0,0,1,1
skyblue1,6,35,58,0.029,0.017,1,92,15712,0.121535853171664,8.0580135181969,0.0108695652173913,1,1
skyblue1,7,35,78,0,0,0,113,15712,1,0,0,1,1
skyblue1,16,35,100,0,0,0,135,15712,1,0,0,1,1
skyblue1,11,35,25,0,0,0,60,15712,1,0,0,1,1
skyblue1,10,35,64,0.029,0.016,1,98,15712,0.133256724535672,7.2871882824569,0.0102040816326531,1,1
skyblue1,1,35,20,0,0,0,55,15712,1,0,0,1,1
skyblue1,12,35,58,0,0,0,93,15712,1,0,0,1,1
skyblue1,9,35,24,0,0,0,59,15712,1,0,0,1,1
mediumorchid,4,39,66,0,0,0,105,15712,1,0,0,1,1
mediumorchid,17,39,44,0,0,0,83,15712,1,0,0,1,1
mediumorchid,13,39,80,0,0,0,119,15712,1,0,0,1,1
mediumorchid,2,39,104,0,0,0,143,15712,1,0,0,1,1
mediumorchid,3,39,53,0.026,0.019,1,91,15712,0.123604466532745,7.90202988827433,0.010989010989011,1,1
mediumorchid,8,39,82,0,0,0,121,15712,1,0,0,1,1
mediumorchid,14,39,88,0,0,0,127,15712,1,0,0,1,1
mediumorchid,6,39,58,0,0,0,97,15712,1,0,0,1,1
mediumorchid,7,39,78,0,0,0,117,15712,1,0,0,1,1
mediumorchid,5,39,24,0,0,0,63,15712,1,0,0,1,1
mediumorchid,16,39,100,0,0,0,139,15712,1,0,0,1,1
mediumorchid,11,39,25,0,0,0,64,15712,1,0,0,1,1
mediumorchid,15,39,32,0,0,0,71,15712,1,0,0,1,1
mediumorchid,10,39,64,0,0,0,103,15712,1,0,0,1,1
mediumorchid,1,39,20,0,0,0,59,15712,1,0,0,1,1
mediumorchid,12,39,58,0,0,0,97,15712,1,0,0,1,1
mediumorchid,9,39,24,0,0,0,63,15712,1,0,0,1,1
maroon,4,44,66,0,0,0,110,15712,1,0,0,1,1
maroon,17,44,44,0,0,0,88,15712,1,0,0,1,1
maroon,13,44,80,0,0,0,124,15712,1,0,0,1,1
maroon,2,44,104,0,0,0,148,15712,1,0,0,1,1
maroon,3,44,53,0,0,0,97,15712,1,0,0,1,1
maroon,8,44,82,0,0,0,126,15712,1,0,0,1,1
maroon,14,44,88,0.023,0.011,1,131,15712,0.219225029074149,4.16411266576111,0.00763358778625954,1,1
maroon,6,44,58,0,0,0,102,15712,1,0,0,1,1
maroon,7,44,78,0,0,0,122,15712,1,0,0,1,1
maroon,5,44,24,0,0,0,68,15712,1,0,0,1,1
maroon,16,44,100,0,0,0,144,15712,1,0,0,1,1
maroon,11,44,25,0,0,0,69,15712,1,0,0,1,1
maroon,15,44,32,0,0,0,76,15712,1,0,0,1,1
maroon,10,44,64,0,0,0,108,15712,1,0,0,1,1
maroon,1,44,20,0,0,0,64,15712,1,0,0,1,1
maroon,12,44,58,0,0,0,102,15712,1,0,0,1,1
maroon,9,44,24,0,0,0,68,15712,1,0,0,1,1
