id	module	supermodule	dim_1	dim_2	dim_3
TMSB4X	1	1	1.62604661647819	0.480026352763349	-0.727579041519384
FTL	1	1	1.72865329088404	0.265816039253169	-0.50900889848162
S100A8	6	1	-2.99145100430639	-0.407627674793094	-0.325149206678604
FTH1	4	1	-2.16140714857638	2.56398770410942	0.797251497956247
B2M	1	1	1.27111121885067	0.492782037039228	-1.16909678369275
S100A9	6	1	-2.86035653509986	-0.442937338355492	-0.231978772880399
LYZ	2	1	-1.72650640792252	0.129094271497882	-0.904231756014798
RPL34	3	1	-0.777022235797131	-4.36000802919668	1.60254600344506
TMSB10	1	1	0.336824888910499	1.12028775776141	-1.81715682166534
FOS	4	1	-1.49419243369646	2.3603943396308	1.66157283009469
RPS14	3	1	-0.693269391277778	-4.30793433717236	1.65117115994049
RPL21	3	1	-0.341027730469546	-3.81733291791285	1.71198904146718
RPLP1	3	1	-1.09381318504621	-4.54269737119572	1.08711327577424
RPS27	3	1	-0.366440499386489	-3.944719105119	1.60215538972634
CD74	1	1	0.284831971242834	1.93457964512886	-2.10058010475966
MT-CO1	4	1	-0.61441627744374	0.788159677310715	1.35148522003805
ACTB	3	1	0.328059234873482	-1.85174535364333	-0.54732602951234
MT-CO2	4	1	-0.553631349498835	0.681622307307806	1.35517886706396
S100A4	1	1	0.630081134266804	-0.973451756794058	-0.718044877331398
RPS18	3	1	-0.857320340795245	-4.61476599236816	1.08617642023641
RPS19	5	1	2.43435450266571	0.0415632202777521	1.36942225631746
HLA-DRA	1	1	0.290357122192498	1.82885425287858	-2.12095564632067
RPL32	3	1	-0.978221581530363	-4.56058605636316	1.00593969372375
MT-CO3	4	1	-0.735934348940087	0.849025662796394	1.41268571396129
RPS15	3	1	-0.853093366819269	-4.58907104148746	1.27676532674569
RPL10	3	1	-0.298752909415803	-4.20940874148276	1.49990553493693
RPS27A	3	1	-0.675402040361858	-4.49493447169919	0.742491013560956
LST1	5	1	2.31036075522102	-0.17338736537526	0.89986379531534
RPL7	3	1	-0.757481422486505	-4.10618143311345	1.58249556878454
RPS13	3	1	-0.932104363734144	-4.25838082807468	1.46834450802414
TYROBP	2	1	-0.830970613055833	1.29531256275958	-0.956855119859597
TXNDC15	4	1	-2.50645134682126	2.16624818485282	1.3159349670796
RPL13	3	1	-0.975654686301224	-4.55760667793146	0.998597085024308
S100A6	6	1	-2.94628844543517	-0.442400178768745	-0.555250824590268
CRIP1	5	1	0.592608465642836	1.4612065651304	1.26920707273424
RPS2	3	1	-0.401246563291732	-4.11855036806203	1.39783988276546
S100A12	6	1	-2.97053730484701	-0.399472509000488	-0.350806709136941
SAT1	5	1	1.05406378200778	1.09433159592538	1.29461727777626
PPBP	7	2	6.00991623433462	4.01281042297301	-0.552290876690305
RPS28	3	1	-0.912805809959302	-4.54034774042846	1.24426047305851
RPL11	3	1	-0.614031597731156	-4.28195288934307	1.13070478956356
RPL26	3	1	-0.56941862204047	-3.78724107639807	1.49483472499755
PFDN5	4	1	-1.94537737950974	2.09078759728516	0.989514486840453
CD52	1	1	1.29227628314386	-0.232861679851256	-0.659902807090857
MT-ATP6	4	1	-0.714465144005239	0.84779593740715	1.45286268742087
RPL12	3	1	-0.545704366868517	-4.53592313037288	1.18604773972484
MT-ND4	4	1	-0.617640351076443	0.880454189353556	1.41854359004728
RPL18A	3	1	-0.385968401453474	-4.11184610980657	1.52557451046911
RPS23	3	1	-0.699001687509488	-4.60147057519326	1.09959226555693
AIF1	1	1	1.81634042593282	0.331630662408709	-0.506131565984619
RPS15A	3	1	-0.612567076076463	-4.49269122736269	1.15314224246404
RPS9	3	1	-0.250190636596835	-3.257103909149	1.20432514856271
RPL13A	3	1	-0.693603177656652	-4.58996060069091	1.14902148862888
RPL41	3	1	-0.414490082241887	-4.01604735884095	1.56336452065187
CST3	1	1	0.359892610164079	1.54513702944945	-1.98257388889388
RPS4X	3	1	-0.695618498333322	-4.25485384030186	1.31003010080152
RPL15	3	1	-0.385322721879129	-3.96043566340635	1.3813617687609
RPS3A	3	1	-0.890698485714705	-4.14765443674871	1.25314634058606
RPS12	3	1	-0.620042318680824	-4.68604817360077	1.01355699100786
RPS29	3	1	-0.334343946777328	-4.43548701272878	1.09852078410455
EIF1	4	1	-2.1573410384249	2.40006002563392	1.21595297510274
HLA-DPB1	1	1	0.34532394166958	1.92089351446792	-2.12438359933825
CCL3	4	1	-1.90281463416158	2.58727095803504	1.20910339324473
CYBA	1	1	0.469573362784402	-0.378383552657251	-1.50434345171795
LGALS1	6	1	-2.48185353487578	-0.525811652554875	-0.147986651771838
SERF2	1	1	0.393927680043762	-0.390454931021012	-1.67985205466639
RPS8	3	1	-0.870186593996175	-4.29434892967146	1.27357791551189
TPT1	2	1	-1.41041032589869	-0.504984906842731	0.147893834416197
HLA-DRB1	1	1	0.270697203507174	1.84189577332792	-2.06512226111033
RPS24	3	1	-1.0364630670102	-4.18333907230563	1.16257440657644
FCER1G	1	1	1.7138372482624	-0.820216523374134	-0.163120126619851
RPL3	3	1	-0.435068857282463	-4.14513889719492	1.06885863917589
RPL36	3	1	-0.772534874882002	-4.43275281135228	0.713119533935748
GNLY	9	1	-2.16177528094336	4.16771540069654	-2.16955955130745
RPS6	3	1	-0.578491227849256	-4.41831901277533	1.20536343754424
RPL30	3	1	-0.387044355948402	-3.89053530081317	1.5478344234579
MYL6	1	1	1.30424421254708	-1.15653442940682	-0.0846263990401823
RPL27A	3	1	-0.401769444824093	-4.46391673413481	1.00236783086821
RPLP2	3	1	-0.997453149857639	-4.4524418783912	0.789347136991575
PFN1	1	1	1.71434455825399	-1.13181583724236	-0.140219000801037
RPL35A	3	1	-0.556222467950928	-3.97505705745546	1.38478240120633
MT2A	1	1	2.16643942057915	0.136115357362655	0.043742396524493
UBA52	3	1	-0.59054361087794	-3.13215679289498	0.298400538293739
MT-ND1	4	1	-0.84243482827557	1.03642143266985	1.44009413230483
RPL23A	3	1	-0.382230926079681	-3.93416008160877	1.56316894039427
RPL28	3	1	-0.898267579615073	-4.14791264981776	0.645600696132514
HLA-DPA1	1	1	0.416603507920456	1.96696995611358	-2.04531577726707
SH3BGRL3	3	1	-0.0163143805130637	-1.82970972833868	-0.840090622209361
CXCL10	5	1	0.751800479249832	1.66999205221794	-0.101642952987028
S100A11	1	1	0.82872458740814	-0.553598964484137	-1.21125610945924
RPL37A	3	1	-1.01328073230999	-4.43690629201613	0.958398692570039
RPL31	3	1	-0.796109851982326	-4.51517408965017	1.32511281942397
RPL19	3	1	-0.661798214961688	-4.19732355187523	1.27028617411807
HLA-B	1	1	0.485343816607544	0.531312546673875	-1.03225688106717
RPL8	3	1	-0.375777471352625	-4.46444518090364	0.944516987400671
PTMA	1	1	2.09432199623879	0.755809046151533	-0.751662101739961
CSTB	1	1	1.93523456099145	-0.778528204745573	0.303989586640025
FAU	3	1	-0.295346781912189	-3.35423907269593	1.16288395262133
ATP5E	1	1	0.440759450657242	-0.336614806567864	-1.65810586197142
RPS3	3	1	-0.704395169625695	-4.5646946913291	1.22475439577622
PSAP	1	1	1.70462037780943	-0.84224551599613	0.0733595665823288
CTSS	2	1	-0.119529607712211	1.04241358323536	-0.534142829314731
DUSP1	4	1	-1.43910985411018	2.0964432084211	1.53034528678313
OAZ1	1	1	1.18693857828335	-1.07435159889131	-0.568361040794432
RPS16	3	1	-0.723769692047036	-4.31876450849614	0.662165574224448
H3F3B	4	1	-1.70954088123348	2.30725255043122	1.20531969500211
EEF1A1	3	1	-0.429165378288031	-4.20585172663874	1.41516524583238
RPL27	3	1	-0.729119799325496	-4.17694044539929	0.773371625139676
ISG15	5	1	0.903823950578609	1.67729075750735	-0.0228664482584375
MT-ND3	4	1	-1.18717849089894	1.52668975280057	1.57505793061943
TIMP1	1	1	2.12774985499481	-0.670657354633566	0.020881379620578
RPL39	3	1	-1.04341725295022	-4.44483918024122	1.23616203791452
MT-CYB	4	1	-0.19207033088906	0.157808119285539	1.00387488969742
JUNB	4	1	-2.06083390106484	2.54466119630524	1.08719818316154
RPS26	3	1	-0.339998174474249	-3.76206677005218	1.6102671117704
S100A10	2	1	-1.29703486081541	-0.933628512965631	-0.135839935911666
RPL6	3	1	-0.817133032321304	-4.00174780372288	1.10389743124593
RPL35	3	1	-0.593253535905814	-4.37871502286508	0.583518246123924
RPS25	3	1	-0.319277888423111	-4.41080116744056	1.20016863393979
HLA-C	1	1	1.02253771570457	0.374731488805342	-1.32154395641447
EMP3	1	1	1.15939014191465	-0.0644099954224062	-0.83438045954194
RPS20	3	1	-0.721642485696446	-4.56677830313502	1.0824946793589
FCN1	2	1	-1.48309452793938	-0.244744840584891	-1.52263175150445
VIM	6	1	-2.21232192342595	-0.432788633748292	0.023906838042119
SRGN	2	1	-1.00804774814217	1.12555627052414	-1.08361085008827
COTL1	5	1	2.21769266393767	-0.345177565929632	0.714427053808878
GAPDH	6	1	-2.49647749612976	-0.597749449483112	-0.264199637326835
RPS7	3	1	-0.586881583982217	-3.99181920845505	0.845096541827855
RPL10A	3	1	-0.375387981504797	-4.12117794595705	1.44064493416639
HLA-DRB5	1	1	0.348472357213376	1.8423813036076	-2.1127863770187
COX4I1	3	1	-0.493758594819291	-2.90570193073733	0.319881115487062
RPL37	3	1	-0.631667086213835	-4.04601398226952	0.52116686628951
MT-ND2	4	1	-0.720788181374106	0.846588657193601	1.4234145531026
RPL29	3	1	-0.776166542893965	-3.91969486233386	0.619473764104316
HES1	4	1	-2.32930968490801	2.52561467944006	0.914273437995613
PF4	7	2	5.87849063521961	3.87593034944531	-0.47970834705762
JUN	4	1	-1.62606263360506	2.40937099300037	1.61139653099378
RPS21	3	1	-0.577458022604574	-4.21036299800709	0.551349822822329
RPL9	3	1	-0.829646003744577	-4.32641288261476	0.690511910470374
HLA-DQA1	1	1	0.375379338802785	1.88218455296067	-2.17254710891457
ZFP36	4	1	-1.5024791157384	2.36822011517297	1.53635543783441
ARPC3	1	1	1.13665289487555	-1.31960093178583	-0.803731614847638
RPL38	3	1	-0.8288047621246	-4.33265637944352	0.646206111535738
RPS11	3	1	-0.881975418906263	-3.84370950091854	0.502842494384651
RPL14	3	1	-0.267421821762667	-4.24245703675508	0.793664601878349
IFITM3	1	1	2.37684959276801	0.185977715777662	0.215727559951374
NACA	3	1	0.241687132957208	-2.63965857622309	0.598332588896662
RPL18	3	1	-0.498015119919424	-4.08251276794253	0.617889480407471
NFKBIA	4	1	-2.05409207260839	2.5548029152908	1.1886742157379
C1QB	1	1	2.39047666839851	0.336144998089766	-0.134526077395959
ANXA1	4	1	-1.48267326801712	0.665701279293165	0.690109583353588
HLA-A	2	1	-0.289010583964098	0.412764719040045	-1.17142267388217
ATP5L	3	1	-0.508622321494078	-2.70785269182488	0.241694526492781
APOBEC3A	1	1	1.6397052640797	0.691443316601847	-0.589418903390312
G0S2	4	1	-2.06818074666865	2.26290147193261	1.19372236429153
GNB2L1	3	1	-0.478168431339989	-3.98315651175479	1.44752136563005
RPS5	3	1	-0.325689357382734	-4.18009076670534	1.00091659608423
HMCN2	4	1	-2.48522812668815	2.20563459397072	1.27178243463595
FOSB	4	1	-1.52065959063185	2.38755735081214	1.6387844547335
NKG7	9	1	-2.1102686651242	4.19605724549478	-2.12107768023844
ID2	2	1	-1.01212511157093	-1.11935440285915	-0.170636292521781
RPLP0	3	1	-0.729228760398999	-3.99506535251904	0.981983244069035
BTF3	3	1	-0.785552480635536	-3.86253735928333	1.15336937698556
RPL23	3	1	-0.793821924581124	-4.13029873838683	1.30018206703761
IFITM2	5	1	2.24398870692649	-0.268464234187077	0.873511383127653
CFL1	3	1	0.387602030780374	-1.81905390290763	-0.481571168713891
VCAN	6	1	-2.44082530939128	-0.475513787549849	-0.123275192795918
FCER1A	1	1	0.578307106986245	1.64716188587537	-2.46860906579418
MS4A6A	2	1	-1.56132409508627	0.493700980529471	-0.952505712311836
C1QA	1	1	2.42105771952071	0.203618445505178	0.0660192375009421
KLF6	4	1	-0.915731116373083	2.04570750162856	1.67561735231146
IER2	4	1	-1.61215803657964	2.30035560117567	1.00825909577921
UQCR11	1	1	0.241791954929165	-0.348607023898628	-1.82572872248267
C14orf2	6	1	-2.71378632144824	-0.412370047803043	-0.324869051099859
NPC2	1	1	1.85931636212511	0.700650117214038	-0.691150255816575
UQCRB	3	1	0.194295438799734	-2.61431559866598	0.644753722767892
GPX1	2	1	-1.63607525876056	0.340627303988357	-0.921130632931053
CALM2	1	1	1.30273562966227	0.655179404419782	-0.648146969733465
NDUFA4	3	1	0.819042874325243	-1.86133449781137	-0.229427982209308
ARPC1B	1	1	1.08726958368154	-1.50138159904593	-0.689713122126068
GMFG	1	1	0.647574710201901	-0.618026986180194	-1.09592969009621
COX7C	3	1	-0.0478143783667824	-2.55165201357387	0.0913246512426318
LGALS2	5	1	0.50111238413152	1.60141660038642	-0.189482614014102
IL8	4	1	-1.9584287037969	2.21589625254591	1.49283798621128
SERPINA1	1	1	1.63623919085393	-0.289377222439776	0.411948527056991
UBC	4	1	-2.0717955642011	1.79848718407415	0.796255763809299
RPL7A	3	1	-0.769646761213719	-3.7502303176934	0.687224741391161
ATP5G2	3	1	-0.763505693798686	-3.10567483325436	0.295349801761354
MNDA	2	1	-1.61687841618456	0.118364985140057	-0.794067952799811
LTB	5	1	1.93594286263758	0.517200276475331	1.11967864534056
MS4A7	5	1	2.22174870460053	0.0659142083976123	1.18465755413321
MT1X	6	1	-2.62870661158872	-0.479000676119828	-0.431755205342685
CLIC1	2	1	-0.264364665336227	-1.03708269824786	-1.4671585890898
CDC42	8	3	1.3867493506742	2.7945447614029	2.51933700569206
LYPD2	5	1	2.3057572601432	-0.0490069154802226	1.39476869314828
HLA-DQB1	1	1	0.335315982942976	1.8221054653254	-2.15331015826293
GSTP1	2	1	-1.22127913513995	1.05112263032263	-0.864952907629184
RPL22	3	1	-0.746836040242076	-3.91786582692147	0.638101209793913
CSTA	6	1	-2.53348600386461	-0.411093198475415	-0.49393740732833
EEF1D	3	1	-0.300626595897213	-3.4854226387704	1.29549676874305
ITM2B	2	1	-0.277230510592464	1.00884960905126	-0.684564791431623
HMOX1	5	1	2.31458355065553	-0.12246695685152	0.840992793293792
RPL24	3	1	-0.583305189894474	-4.29484628617384	0.877309191723074
NRGN	7	2	5.92094814256024	3.91199288995724	-0.497519541287498
ARPC2	1	1	1.83496092103978	-0.749420287748211	0.664728398556131
RPL5	3	1	-0.723641297844749	-3.87396108556992	0.875125762616611
JUND	4	1	-1.03964816947866	2.14438019693348	1.66043437785629
RECK	4	1	-1.64615215679387	0.820724384216063	1.3144375245331
PSME1	1	1	1.14240436261602	0.435725697601463	-1.2764187061667
CD14	2	1	-1.56607136081125	-0.0503710612714809	-1.3240610347719
TSPO	6	1	-2.67389841664104	-0.329271218043302	-0.432816016260458
GPX4	2	1	-1.12288738262405	1.13108869207105	-0.798514417474533
COX6C	3	1	0.174205393721682	-1.54829398403785	-0.606387904438685
PSME2	1	1	1.26477807243431	0.659231383614197	-1.05426688256688
PABPC1	4	1	-1.18389608532911	1.16386419484761	1.4833574302601
ARHGDIB	1	1	1.15583139867195	-1.34247328932243	-0.115280659727271
BRI3	1	1	1.21705513805362	-0.736752281274953	0.694290397048875
MT-ND5	1	1	0.412319372022591	-0.677985266639737	0.728924986295388
COMMD6	3	1	-0.899239015026615	-4.09747501994151	0.563384753993534
RGS10	1	1	0.523839098965234	0.782421336583828	-1.73286794274517
IFITM1	9	1	-1.91024266100693	4.01476372615715	-2.02689523381936
ARPC5	1	1	1.24325704647699	-0.896682283944448	-0.274214227004237
TMA7	2	1	-0.802516886159486	-0.315632360727621	-1.82382926780101
TCEB2	6	1	-2.951231111662	-0.165943043635444	-0.444212712468253
CCL5	9	1	-2.02470072695561	4.2724034713326	-2.05330488965112
PPDPF	3	1	0.307330876123476	-2.49180320104401	0.577376934649008
RGS2	4	1	-1.50372756788755	1.92398519581471	0.902599753441305
CEBPD	2	1	-1.45026732247185	1.39392297487374	0.0984631641127278
HLA-DMA	1	1	0.180363963740778	1.71842797816094	-2.04194313937444
RHOA	1	1	1.32483941939395	-0.676724371335685	0.335801527337124
NAP1L1	5	1	2.2627952583507	0.0910339292999782	1.16787558040086
COX6B1	1	1	0.535309918239431	-1.33389841354228	-0.810999121521193
RPSA	3	1	-0.344227684640873	-4.28063063723248	0.753958000599555
CCL2	1	1	0.0336039924888174	1.34451249127761	-1.60723896200465
HIST1H2AC	7	2	5.89325120528912	3.8926689199652	-0.572161728915303
RPS10	3	1	-0.373738018090292	-3.75613840303462	0.494040194335946
MYL12A	1	1	0.952554938852373	-1.04870556245314	-0.994250001174847
AP1S2	2	1	-1.40006143833858	1.12307787980399	-0.645448774092229
CITED2	4	1	-0.87659271079982	0.914484063495591	1.42403907247561
RPS4Y1	3	1	-0.762939714996881	-3.71628684840059	0.539985134970672
YBX1	1	1	2.2431426264299	0.654074415622247	-0.553356409353046
LAMTOR4	2	1	-0.323463896548781	-0.0730896905957801	-0.360900438687048
CFD	1	1	1.27602225132657	-0.650381111418379	0.898546072103389
HLA-DQA2	1	1	0.415651694074572	1.9024348275838	-2.20398096371632
ALDOA	1	1	0.789154087788618	-1.50476465020549	-0.0841262547631578
COX5B	1	1	0.713495277720241	-1.04702960258043	-1.17558186909055
TYMP	2	1	-0.0484256954081293	0.726884800192201	-0.779800420066049
RPL36A	3	1	-0.230399748932845	-4.38268240966177	1.04314390689494
H1FX	1	1	0.566895714099102	-1.4603465336956	-1.54279692760262
FCGR3A	5	1	2.35867276976608	-0.0315995312620947	1.24815881135267
FYB	5	1	-0.00556149387884752	1.59201674416822	0.623193546271561
HNRNPH1	8	3	1.31559311587122	2.84443533762127	2.61058957986468
ACTG1	3	1	-0.0438853918266502	-1.68425242317635	-0.600501309326965
LAPTM5	2	1	-0.546192464513984	-0.139288689812886	-0.593057872562399
C15orf48	1	1	0.281806880690721	1.86704752667138	-2.14701708059247
FCGRT	2	1	-1.03251931250927	1.03171865353542	-1.10874277438304
TXNIP	5	1	0.735090693441001	1.70967628034855	0.0230870650948003
TUBA4A	7	2	5.98848355360425	4.03665849826075	-0.623341673531781
TPI1	3	1	0.353734964373613	-1.91077482669594	-0.51130570370021
CEBPB	1	1	1.5624044940865	-0.82949198762353	0.714921508849692
C1orf162	1	1	0.610647164840044	0.759749001443928	-1.67387712153578
COX7A2	1	1	0.74322857655461	-1.21250121698681	-0.891366193852652
RPL36AL	1	1	0.849974281808485	-0.214440429678862	-1.55340344770132
RPL4	3	1	-0.480993308182156	-3.96913690939427	1.09834290977968
OST4	2	1	-0.17619186914271	-0.712644641539342	-2.01645467589761
CD63	2	1	-0.549640159611677	-0.550379565546535	-1.80565883176147
ANXA2	3	1	-0.0316393462761062	-1.73555784115957	-0.707218589054303
PYCARD	1	1	1.45886803518648	-0.926831883159606	0.203742427786359
CLEC10A	1	1	0.541435074189583	1.74094702728886	-2.43251951314155
BAX	1	1	0.966489079602976	-0.973254803296059	-0.878032227048535
HNRNPDL	1	1	1.36119290609123	-1.28449877889396	-0.638616114309927
AMICA1	1	1	-0.574053251602299	0.425113820885425	-1.7342129532743
IFI6	8	3	1.48107243191079	2.86154618754502	2.26924083854539
FAM26F	1	1	2.27901047970202	0.330010621416697	-0.0487520119441678
TXN	2	1	-1.49647125144751	-0.0338635237160387	-1.17195138341383
POLR2L	2	1	-1.07130825784716	-0.182707858112728	-1.70716313164586
UBL5	1	1	0.479690643088842	-0.314084730877148	-1.44791011241597
STXBP2	1	1	1.47907559330324	-0.692209688756372	0.973933493987172
PTPRC	5	1	1.05279544805164	0.545530692635768	0.913519609450365
DDX5	4	1	-0.998717281217376	1.5673783672113	1.54910943156133
LCP1	4	1	-0.416167781633775	0.882361228341899	0.337186529686162
LRRFIP1	5	1	0.224152459833142	1.02358111459165	1.48075666313709
LIMD2	1	1	1.59305015176752	-1.01253761110887	-0.0379244800095193
S1PR4	5	1	1.17423685809289	0.441005391205395	1.06766626719457
PLAC8	1	1	2.14404076987308	0.247391040321797	-0.0687661901404049
LY6E	1	1	2.28776138949745	0.323018320962237	0.0583001969567987
GNG11	7	2	6.01725505950786	4.01524634012933	-0.578039589138998
SOD2	4	1	-1.89308222681251	2.11132024058114	1.16654049889296
TMEM258	2	1	-0.548101639883475	-0.106158730481777	-0.748510531066016
FXYD5	3	1	-0.252335530904249	-2.67795181719764	0.0958330470098801
CLEC7A	5	1	0.265374960063859	1.67215047549937	0.767055386422161
TOMM7	3	1	-0.487717578859416	-3.29475291056041	0.744962202237503
TSC22D3	4	1	-1.26437177756065	1.89287608019762	1.60438861104629
ATP6V0E1	1	1	0.376583737346968	-0.292328408509157	-1.40688059306979
PRELID1	1	1	1.92797564540801	0.356710419130116	-0.396267567729079
CORO1A	1	1	1.05986155281021	-0.825828957190019	-0.773482804221182
HCST	2	1	-0.817159943154953	-0.333729409359835	-1.82613573839564
SPI1	1	1	1.81425997047157	-0.819526037420521	0.189990280370624
UBB	1	1	1.09359105538957	0.234582112682192	-1.37480844203716
IKZF1	1	1	2.2089709293682	0.12653247591616	0.315264722503041
ATP5I	2	1	-1.90186402550671	-0.352013805316659	-1.26369669507743
VAMP8	1	1	-0.00366927188977245	0.905111406532269	-1.70849007351019
SCGB3A1	5	1	2.36127806576473	-0.0250940631394032	1.33608129686065
PLIN5	4	1	-2.49622600819194	2.29119590761368	1.21294735258963
C12orf57	4	1	-1.90693249201127	2.45996700000139	1.29731928416259
ACRBP	7	2	5.90598994689095	3.89023416251529	-0.469354364312674
TAGLN2	2	1	-1.07936372289256	0.455866319384176	-0.169747841206735
SERP1	2	1	-0.443270485829275	-0.0469999831860219	-0.480213723932591
USMG5	1	1	1.07207851056413	-1.18763630855449	-0.789740990794136
FOLR3	4	1	-2.17999050966755	1.67221087035113	1.36365810369338
RNASET2	1	1	2.1949324813051	0.289790383996952	-0.153521912632604
SLC25A5	1	1	2.13608292876547	0.687970217110665	-0.693980431119446
EIF5A	8	3	1.36374970807945	2.89493134094889	2.66498042769664
ATP6V0B	1	1	0.148008535753141	-0.605672260565298	-1.31514840102966
KLF4	4	1	-1.39124064726573	2.22640195720051	1.63384222863636
C19orf43	4	1	-0.76436407375496	0.679323521156039	0.997608484703096
TKT	4	1	-1.89860194858204	0.372011615294759	0.711470260020994
SRP14	1	1	0.70874370318789	-1.22482404050754	-1.19803387794915
CCNI	4	1	-0.416833441433947	1.73387416098648	1.55850423275523
YWHAZ	4	1	-0.311989872898819	1.59306734217856	1.50470202695942
CARD16	1	1	0.716835048986342	0.0298311238701019	-1.03230537407891
C1QC	1	1	0.388045549934605	1.91710954035422	-2.12965324566859
ZFP36L2	4	1	-0.92626018082778	2.16678351893258	1.35724684992752
VAMP5	1	1	1.53109661466959	0.678916779699823	-0.538280613168946
CDC42SE1	8	3	1.32346556361326	2.86600548559719	2.63907668370382
GSTO1	2	1	-0.431973827730098	-0.797902277054358	-1.29759650331824
C4orf3	2	1	0.156531564317281	0.585035117388726	-0.823497518233953
PTP4A2	5	1	2.13901321809093	0.0512343749205075	0.695596301260937
CHCHD2	1	1	0.687509428566691	-1.47308814007255	-1.05182003798769
HIGD2A	3	1	0.135825350296508	-2.6605952279255	0.711758280150583
BLVRB	2	1	-2.02214238068852	-0.23846487267809	-1.02760101036059
HLA-E	5	1	1.25308996958469	0.414958332366416	1.11970357524279
EIF3K	3	1	0.0258551871886105	-2.4103051182851	-0.109678595719571
HMHA1	4	1	-0.378792846408498	0.307911146980556	0.870516888033343
UQCRQ	2	1	-0.527324727009081	-0.770711910768892	-1.75885480949646
SSR4	2	1	-1.01363444735041	-0.634278131627651	-1.62406764420973
ITGB2	4	1	-0.537966128801579	0.795179478812656	0.332634667344826
MCL1	4	1	-1.07862982600621	2.01016214074831	1.67570386846559
CYBB	8	3	1.33692756459309	2.87282534388773	2.62434831012608
HNRNPA2B1	5	1	0.780514196797379	0.671525751636579	0.484045675941004
EREG	4	1	-2.40234386600548	2.42688310575642	1.2579646369253
EEF1B2	3	1	-0.447445175340861	-4.03698482171399	0.947355282518155
S100B	5	1	2.39698669648284	-0.027202505108705	1.27911506268054
DBI	2	1	-0.278890779302916	-0.45735203363111	-1.96446350331322
HINT1	3	1	-0.89567548729232	-4.0379919769184	0.506560097951016
C10orf54	1	1	1.46412110477659	-0.736174566683558	0.586069347232026
ATP6V1G1	1	1	0.851982001693788	-0.531471575883793	0.216033891676834
ATP6V1F	2	1	-1.35191097955846	0.0184934792567466	-0.887977039110774
EEF2	3	1	-0.843133513855421	-4.47862160031252	1.14800851138022
HNRNPA1	3	1	-0.461291712896241	-4.38086798673606	1.04263830651012
PSMB3	1	1	0.397901621573477	-0.238200555752285	-1.75873361000979
TSC22D1	7	2	5.98323576330498	3.9630072010692	-0.608227446205284
CXCL3	4	1	-2.04637652321265	1.27113871339927	1.2844864972044
TALDO1	6	1	-2.58406929616345	-0.340930764386629	-0.592895535532437
TNFAIP3	4	1	-1.76623825738424	2.51691943550201	1.50158243494509
TTLL3	3	1	-0.950537579087729	-4.27134286014484	1.08091481279887
ATP5J2	2	1	-0.290224835751281	-0.761681665229292	-1.9264516034175
CLEC2B	1	1	1.2688463807017	0.391756814905466	-1.17968124110022
AP2S1	2	1	-0.23813291770375	-0.467616448493742	-1.86156854359628
NDUFA1	1	1	0.879186262198703	-0.95471455312738	-0.918863803188629
IL1B	4	1	-1.94788041486663	2.6278711340335	1.14647137167602
SOX4	4	1	-1.77427842100673	0.54422832515966	1.05644222392981
MAFB	5	1	0.355967730941898	1.43170473697189	1.46586076179429
RETN	6	1	-2.45346483413001	-0.623571203881844	-0.16026032219881
PCBP1	2	1	-1.08661383248885	0.337520960083574	-0.543661256710356
C1orf56	8	3	1.40672311348238	2.94918569629427	2.68403908692772
EFHD2	2	1	-0.161645854488257	0.585225910990477	-0.743877569217381
COX7B	3	1	0.376310411139911	-1.79591871676246	-1.1623679113722
UQCRH	3	1	-0.800356160995014	-3.42214747634638	0.408347959256046
CXCL2	4	1	-2.07998422298094	2.58204530592453	1.14420761974923
POMP	1	1	0.830403200694121	-0.183710453825352	-1.1229389810085
ARL5B	4	1	-1.91288473834239	2.60131413332028	1.35296716597753
CD86	3	1	0.325492186835323	-1.7496741708434	-0.547069421142871
CCL4	9	1	-2.10052372813544	4.18429907161781	-2.01627702505506
CTSC	1	1	2.1602985549083	-0.529588192769213	0.654778409447634
FKBP1A	1	1	1.88967829441286	-0.798477725365459	-0.108556855732973
RPS27L	1	1	0.985803112529744	-0.159080008308024	-0.10714529514555
SUB1	2	1	-0.463194807567828	-0.938172005634005	-1.41358461242662
SNX10	5	1	0.599895377401375	1.53458744033636	0.825947697441269
SH3BGRL	1	1	1.90751110098665	-0.625144265697885	0.0772410778981938
IFIT2	5	1	0.707108778903107	1.7106726369468	0.156215836871975
ZFP36L1	4	1	-1.33312437598285	2.45786388502662	1.16394136695011
DRAP1	5	1	2.28274906599294	-0.240933858273116	0.777037862322272
TUBA1A	4	1	-0.737677427140819	0.788578062695359	1.33496897820564
ASAH1	1	1	1.30066795959843	-0.715001714243216	0.787639273950773
PSMB9	1	1	1.2766657567597	0.767896519047322	-0.591140284869849
HLA-DMB	1	1	0.18643225732842	1.70563685317906	-2.02843627279876
CD97	5	1	0.957627684677071	1.13851557869579	1.22896262627384
UCP2	1	1	2.32746664520732	0.191419417958506	0.128595276431935
TUBA1B	1	1	2.43138872298547	0.106926253816325	-0.00280827185340615
CPVL	1	1	-0.0365056598255195	1.43715971595638	-1.85749415333875
CALM1	3	1	0.545732815697671	-1.83400255197387	-0.431405850739137
VMO1	5	1	2.41447412191271	0.00175718273544678	1.36478804978937
HSP90AB1	5	1	0.532777565229452	0.572815112229661	-0.431434667669692
RNF130	2	1	-1.40370484053931	0.925961302029033	-0.655593022041871
TMEM50B	5	1	0.255896398191947	0.161486804222998	0.223762309621147
NDUFS5	1	1	0.623979644442202	-1.6292848334565	-1.75126482035776
HBG2	7	2	6.07516433392096	4.06579371065699	-0.619395790932628
UBXN1	3	1	0.0556947243838677	-2.70800404227541	0.969062149758231
DEFB1	5	1	0.73313259156126	1.55527163075146	-0.123948477704075
ATP5O	3	1	0.158006830573361	-2.36225866218987	-0.190462281059656
SLC38A2	4	1	-1.19160036099459	1.19484104780672	0.623986997047951
CFP	2	1	-0.314810843670304	-0.346028836159881	-1.72235715874271
GRN	2	1	-1.77623816699024	-0.122892058893377	-1.15722473466475
LGALS3	2	1	-0.173274572228547	-0.6807879921583	-1.66540063921751
NOP10	1	1	0.342090463022418	-0.222613023823661	-1.29402801817432
PTGDS	2	1	-0.919246838049833	-0.343880503963128	-0.8066356366041
CTNNB1	8	3	1.29992267091581	2.85375712269927	2.66162205041187
EGR1	4	1	-0.992675773352592	2.13402898672666	1.66362380780087
PLP2	6	1	-2.61196168268502	-0.432375765262671	-0.534519041974474
EDF1	2	1	-0.780347483047729	-0.797349407176183	-1.72432009989895
NDUFB1	2	1	-1.42617907283677	0.084934634428055	-1.2598746035546
RAC1	2	1	-1.33802834218285	1.09071572499482	-0.719436475444787
ARF6	8	3	1.30549788020872	2.81169780765102	2.64947832385219
PPIA	2	1	-0.616131243578643	-1.21425411177294	0.0133055583190642
CD79A	5	1	1.61600860309234	0.742232547919415	0.988700121478122
H2AFZ	1	1	1.44615047187015	-0.331294464387884	-0.361250529138317
IGSF6	1	1	0.183395870826389	0.943699226376752	-1.59056433696143
GNG5	1	1	1.80595553225839	-0.88266141266139	-0.230069068113904
NUDT21	1	1	0.222618806829768	-0.489082987398538	-1.841208513778
NDUFB10	2	1	-0.56545757824878	-0.455078265488488	-1.64995213984608
KRTCAP2	1	1	0.616498404602583	-1.48149725297849	-1.86371981505018
GPSM3	1	1	0.696728809531888	-0.90820296981588	-1.23897940984933
MIF	1	1	0.337514004293012	1.59844899926268	-2.13197950998019
CCNL1	4	1	-1.4925831045255	2.35205223605329	1.68014888355159
HSP90AA1	5	1	0.822351516497043	0.79528725885681	-0.394482624377713
TNFSF13B	2	1	-1.53306650473887	0.187871116256681	-0.91179247267521
ZKSCAN5	4	1	-2.38968104679826	2.04084583872507	1.19049294115942
RBP7	6	1	-3.02676820775016	-0.293656362607359	-0.427061990664542
SMARCAL1	5	1	1.59932396385818	0.747931236632699	0.953679504433544
STK17B	4	1	-0.161384847809301	1.7994049678191	1.6790525349105
SDCBP	2	1	-1.36018988189983	-0.0133556699470376	-1.22416972484346
PPP1R15A	4	1	-1.8999239158007	2.41918267234256	1.33579604483392
CCL3L1	4	1	-1.94794163410474	2.621179690397	1.09104359682989
DYNLL1	5	1	0.683804313110202	1.24520020099751	-0.219545878339307
GZMA	9	1	-2.1295349732495	4.17040551142606	-2.17687575961394
ANXA5	1	1	0.9108004506956	-1.34539235727601	-0.974583130636307
CTSZ	2	1	-0.465321556940166	-0.991871992472587	0.11092577875788
BTG1	4	1	-0.993060367384549	1.21743142938279	1.47250352928749
MT-ND4L	4	1	-1.22971638532037	1.80564132774073	1.59065712955364
BLOC1S1	1	1	1.25214921621655	-1.08830891128809	0.0113810223152644
ATP5J	2	1	-0.229241226797202	-0.70418372139071	-1.7505558744004
TPM3	1	1	1.74165811744529	-0.55267004285518	0.27552402581968
PDCD10	5	1	0.914936218450897	0.827230591140536	-0.0136808372619197
TMBIM4	1	1	0.813591347618748	-0.906064128975191	-1.46052196148716
PRR13	1	1	1.15010051451661	-0.90684390531435	-0.705573196819461
HMGB1	2	1	-0.935854093383775	-0.715070551736481	-0.10434585536283
PRDX5	1	1	0.665640531612678	-1.42079158289877	-1.59096921627447
ATP5D	3	1	-0.824917088167683	-3.60392585825552	0.433023812975528
RHOC	5	1	2.35462521124403	-0.0234346672333197	1.25494513633908
APLP2	6	1	-2.34861657705005	-0.448028560866943	-0.0561886533214997
BRK1	2	1	-0.377823086418925	-0.212619025866792	-1.61072386423182
EVL	5	1	2.32968180914506	-0.146829650446579	1.11658722650924
MYL12B	1	1	1.24280311988399	-1.20545265921053	-0.0951972513226136
CTSD	6	1	-2.60630751491748	-0.347110759262816	-0.165685107132361
CD68	1	1	1.86209863233458	-0.834567279578339	-0.115153350678799
CTSW	9	1	-2.10717842992863	4.2055979774604	-2.15715006188727
CD37	3	1	-0.0834325428690387	-2.76924742656048	0.815339268021988
SDPR	7	2	5.93876742814129	3.92220830781919	-0.469801530130716
NDUFB2	1	1	1.0343004454501	0.0423620267366704	-1.24951184275583
CD44	4	1	-1.02835306922343	1.05313912945919	1.37667142919507
ITSN1	4	1	-2.13723030390511	1.42754397616196	1.30244164349033
DAZAP2	4	1	-0.784771117984249	0.930979658979466	1.33762622050275
COX8A	3	1	0.651085356121932	-1.74608224399942	-0.759313533571749
PSMA7	3	1	0.220647745951132	-1.75679359219245	-0.586677724648251
HES4	5	1	2.38780757818291	-0.0277632807000661	1.33473067743878
F13A1	2	1	-1.30816657243729	-0.783979448984002	-0.0818612415083726
NDUFA3	1	1	0.521027877419909	-0.359438355814473	-1.66771559814529
NEDD8	2	1	-0.372791596819016	-0.627065414633708	-1.3452219676084
COX6A1	1	1	1.23475843226491	-1.38831683734904	-0.853922147900016
RNMTL1	2	1	-0.401832913072369	-0.679772284428696	-1.95251440863083
KLF2	4	1	-1.28802182992724	2.01497900212057	1.60557466266272
CKLF	2	1	-0.871923450494051	0.052088678086315	-1.70339336872288
ID1	3	1	-1.10769386930362	-4.10835985002135	1.4090728578506
DUSP2	4	1	-2.09060254186347	2.50503834821759	0.702088162063907
CD7	9	1	-2.06737204414051	4.198797780607	-2.15966287934272
CIRBP	1	1	1.87430209364289	-0.67391757886204	0.835826764109691
PTCH2	4	1	-1.80139371732101	2.32806106763284	1.56055697099168
GZMB	9	1	-1.98382807395167	4.33440347307317	-2.14765528198749
PDIA6	1	1	0.180732132821654	0.81240087134988	-1.88375665121262
CDKN1C	5	1	2.37339919497949	-0.0126874740480614	1.35409077279447
CXCR4	5	1	0.752086727093839	1.2115330277577	0.14231084690139
LTA4H	4	1	-1.79863545015094	0.550136712338766	0.989597491104467
CD1C	1	1	0.477265305982462	1.71939206854251	-2.36811005355751
TAF9	2	1	-0.801058485596814	1.06653239417574	-0.983974325177556
MARCKS	5	1	1.05074559793416	1.61988697610843	0.964379192011985
RNASE2	6	1	-2.1850891004627	-0.506085171897086	-0.308272977449438
H2AFY	2	1	-1.00554707943726	-0.433382355461026	-0.216292230051923
MAP3K8	4	1	-2.27328935296784	2.48998868418131	0.664705227905593
THBS1	4	1	-2.38827515030437	2.32043314221888	1.32245966622011
ZNF169	1	1	1.93027535773589	0.0869280448658922	-0.118088874013246
PSMA4	1	1	1.13385804338807	0.68293077255096	-0.481186064614545
FGD2	8	3	1.3625231987429	2.85337492541281	2.59098132843697
SMURF2	2	1	-0.0839362746851882	0.166389633333367	-1.04638905592567
TNFSF10	5	1	0.74988591944046	1.67016857581636	-0.0513962334425837
UQCR10	1	1	0.514934747019052	-0.0757575416932226	-1.75930975512792
GLRX	2	1	-1.71893394008495	-0.242182213479432	-1.35831366179538
ENO3	4	1	-1.34987501224343	2.55296268963766	0.968445647966744
CYP1B1	4	1	-1.88172276169024	2.18328544440907	1.52511279476802
PDZK1IP1	7	2	6.09374671053454	4.03339183261944	-0.596828746096313
CCDC85B	1	1	0.986234536018588	-1.3271057104293	-0.16109986590731
EIF3H	3	1	-0.435565856986732	-3.3953404523283	0.781279717514933
CD36	2	1	-1.85029224730756	-0.170702452185395	-0.939122193335901
RBM39	4	1	-0.441565952971401	1.27698715639133	1.2965583722931
FGL2	5	1	0.544555190779347	1.53718234816059	-0.245347754584267
C4orf48	4	1	-0.788176929656511	0.660330268251005	0.405387406436051
PNRC1	4	1	-1.40759647097846	2.17913480340786	1.5676208278088
MRPS18A	2	1	-0.0396276179380651	0.0688149264975317	-1.09065297128071
ACAP2	5	1	0.304538332754779	1.60680885132744	0.711415130105549
RNF7	2	1	-0.516472087983887	-0.887040952692903	-0.986372247925996
SEPT1	2	1	0.02781859131146	0.103285422241158	-1.07641705224984
RTCA	1	1	0.737687262799181	-0.711457802709154	-1.3027641338985
CSF3R	4	1	-1.36600214731202	1.21106669116838	0.41523920831364
TMEM107	4	1	-1.62177047960221	2.30009405210384	1.62819132829797
NFKBIZ	4	1	-1.2381580692616	2.04594989010542	1.60197444319285
HSBP1	1	1	1.4190668151728	-0.319685083048412	-0.357309767681729
C9orf89	6	1	-2.46949000741058	0.176551899501312	-0.202626828705221
MRPL33	2	1	-1.88817843915049	-0.282982713109486	-1.01813478199758
TMEM176B	4	1	-0.417199564438929	0.697006537086617	1.05227534510812
UBE2D3	4	1	-2.03091441194906	2.3350489601323	0.808054683628676
CASP4	1	1	0.811363950558868	0.268475215887896	-1.52145971277453
VASP	5	1	2.18269114823739	-0.0198990374574546	0.991238165923761
GADD45B	2	1	-1.2444523219311	1.19294671566838	-0.879562100757415
EHD1	2	1	-0.567583353056313	-0.361019303313259	-0.762135025015131
APRT	1	1	-0.283332238211369	0.258539254105838	-1.73161620062547
NDUFB11	2	1	-0.90656464001233	-0.702814177579564	-1.70381730448058
BID	1	1	2.15647328231811	-0.521077912413597	0.651206368752516
MAP3K7CL	7	2	5.95585494741921	3.93523492764424	-0.54595627098997
PET100	1	1	0.450443953642472	-0.454712338293737	-1.34996195027434
PLAUR	4	1	-2.16271383717675	1.64710754355908	0.677983275631616
NDUFA2	2	1	-0.309960761719748	-0.257324137785621	-1.92485634617417
EIF3E	3	1	-0.474534687870772	-3.79885605002441	1.40520399021482
GBP1	5	1	0.826649438337246	1.47045888540974	-0.132493138377686
ENO1	3	1	-0.18408342179117	-1.61664967801078	-0.872855451384772
SEC61B	2	1	-1.25652079249078	-0.600887491568285	-1.23570177662343
GNAS	3	1	-0.0544232082307635	-1.65644444676496	-0.361238157907551
ARF5	2	1	-0.816159466425799	0.727712108231408	-1.41466016348722
SCO2	4	1	-1.76841727356166	1.86283362213676	0.647002929291143
SNRPD2	1	1	0.596047634331175	-1.15087606258992	-1.34065216539449
SAMHD1	5	1	0.567323990246855	1.35857346811889	0.303996719146953
ISG20	5	1	1.19944718309514	0.889025310936893	0.650575095286564
MSR1	8	3	1.38601982339695	2.82210402124558	2.4847710333192
YBX3	4	1	-1.03819810611665	2.22990945187599	1.1291899155065
AHSA1	1	1	1.04329915218038	-0.702036810786816	-0.567134075067351
MYADM	4	1	-0.717778666613353	1.91434404579067	1.65576908606316
CHD2	4	1	-0.53880637574533	1.58423793823936	1.58898892329108
HERPUD1	2	1	-0.85085088428741	1.09637724787012	-1.20089928886428
KRT10	2	1	-0.694660061793669	-0.854342511424167	-0.868344804130047
SRSF5	4	1	-1.09065134839774	1.82023450168591	1.51994696145745
LYST	5	1	1.29715481214964	0.334118263049085	1.02970606792024
CTSB	2	1	-1.26541846258137	0.398623453092377	-0.670246826037664
BEST1	5	1	0.0565191718582067	1.35623248370619	1.21395096439
LY86	2	1	-1.38599445557124	0.639947148397259	-1.01377763661225
MORF4L1	4	1	-0.414376008461051	1.58537360189271	1.23372771407282
DNAJB9	4	1	-2.37100840925434	2.3362108152149	1.17659121153132
EIF3L	3	1	-0.651710515141525	-3.65620656380947	0.673432395250014
IL32	5	1	0.237432148266648	0.168145487995842	0.263948683296972
MT1E	3	1	-0.827519388707781	-3.7851893235331	1.25576194904613
YWHAB	2	1	-0.432796981779878	0.0587408075898295	-0.983083731208972
GZMH	9	1	-1.96980266990471	4.29231316145614	-2.09337287974838
ATP5G3	3	1	-0.14789820227856	-1.9085387958959	-0.196681608177243
GLIPR1	2	1	-1.31547068360725	-0.507362916935089	-1.06961482531626
TRMT112	1	1	0.204015286750252	0.269860807585077	-1.43448316917268
RBM3	3	1	-0.403904770937634	-3.91369054382571	0.870091133838598
NDUFB9	6	1	-2.56143510405499	-0.426312153664381	-0.44765355924942
COX5A	3	1	-0.217224936297349	-1.65525756476228	-0.0639364598889645
GNAI2	4	1	-0.186035939325694	0.937347274668995	1.17306701760126
GSTK1	1	1	0.766296019600446	-1.32935641977104	-0.768852845962993
CLEC12A	4	1	-0.852911193139489	0.75566970822299	0.885836968151869
CAPG	2	1	-1.84474293036766	-0.180017573130781	-1.23497289760322
MEF2C	5	1	0.726713340547573	1.28480911183084	-0.254538590404952
SLIRP	1	1	0.933315278131469	0.140485884942513	-1.11879845917124
LAMTOR1	2	1	-1.92174667047051	-0.289707181821096	-1.24739248304399
ATP5H	1	1	0.623841926072613	-1.74161718834794	-1.66419976551462
SSR2	3	1	0.608104405049683	-1.91317510474171	-0.671404841241896
SKP1	1	1	0.724119127542535	-1.10269213382796	-1.7052000656433
HNRNPK	5	1	0.441683315064651	1.29761347379228	0.027103565217355
KLRB1	9	1	-2.06422196868857	4.18229922964779	-2.09583720325812
HLA-DQB2	1	1	0.421003424280088	1.82248031513548	-2.27338779743173
ARRB2	1	1	1.55790175480482	-1.18457890293972	-0.431529664035277
RGS18	7	2	5.92903908514781	3.92030565905479	-0.483767763707872
IFI27	5	1	0.883194389048991	1.39476786621932	-0.187211703426749
SEC61G	2	1	-0.532392660805444	-1.18917439239823	-1.22784863214209
SAP18	1	1	0.967381122210609	-0.54547659260916	-0.931356954706104
EIF3M	2	1	-1.21795951881267	0.0842659988050776	-0.0865797089628049
NDUFA11	1	1	0.668712118124934	-1.2932682907566	-1.80604215163671
GIMAP1	5	1	0.368185619254888	0.826024880462093	0.491258659302363
CMC1	9	1	-2.1449389917567	4.18087456201681	-2.19319622326205
ZFAND2B	5	1	0.467494306963095	0.375275531323126	1.2828784779048
TMBIM6	4	1	-0.511491400713242	0.828799402835725	0.261495637753594
SNX3	3	1	-0.0959503462807962	-2.52796665074957	0.583949970539883
IGFBP6	5	1	2.20506395341934	0.205353085107364	1.22933807161658
WDR83OS	1	1	0.70842792914151	-0.858911583346239	-1.35048160514803
NDUFB8	2	1	0.0520053283216166	-0.6877143706214	-1.84342060349097
GPR183	1	1	0.53140639223061	1.82835548632046	-2.40172924476654
NAMPT	4	1	-1.83260923744698	2.27382495176645	1.3521048678661
COPE	1	1	0.676455212108889	-1.31848371932904	-1.82911904195968
PDHB	1	1	0.848678897425775	-0.352702983614409	-0.665714800436991
CTNNBIP1	2	1	-1.70554431405138	-0.313711572061742	-0.919288314190832
CST7	9	1	-2.08767470552325	4.20983731635635	-2.09490040358822
PSMB1	1	1	0.714583769055235	-1.10344953702432	-1.27638551424144
ANAPC7	4	1	-1.92413340207025	2.26090521840598	1.45908708281127
MRPS21	2	1	-0.534236526957771	-1.1177498279582	-0.678351624702145
SNX18	1	1	1.34356853969134	-0.790039806377132	0.673378883029703
IFIT1	5	1	0.723300352443687	1.70642333397061	-0.0135040313427508
C16orf54	8	3	1.13645075897309	2.69070990179913	2.58272946250763
SMDT1	3	1	-0.435333192061346	-2.69542447278243	0.264623469448184
EXOSC1	1	1	1.07793555381631	-1.0787917342601	-0.808213791649241
PCCA	2	1	-0.454348689920783	-0.759464233330619	-0.316944480092646
EIF3F	3	1	-0.403336145351071	-4.14289922502626	1.41999169124051
PLBD1	6	1	-2.88372279781998	-0.484272254598228	-0.403794389554379
SMPD2	4	1	-0.380366989382124	0.889907495265861	1.26694646020241
HCK	5	1	1.58574002411332	0.155477832626276	0.618017717918905
CEBPG	2	1	-1.238954591887	-0.965577548195022	-0.687775552695267
C19orf59	6	1	-3.01744480452795	-0.406200894409431	-0.401285118371862
CD48	5	1	0.865574304184901	0.736350571269053	1.05065468251901
SET	8	3	1.30664437503912	2.8471946394129	2.7217937809706
TMEM59	1	1	0.597738392099491	-0.182335951443018	-1.65603707066475
AHNAK	5	1	0.205235426954271	1.59998226671838	0.820345149378008
NDUFA12	1	1	0.461258759591991	0.72273230773108	-1.83524944475458
SF3B5	2	1	-1.15196295079992	0.909733629926903	-0.97253728974279
VPREB3	5	1	1.5666894655202	0.749510643226572	1.01577471551164
NPM1	3	1	-0.651778776326632	-3.81697611408931	0.94755550566618
MT1H	5	1	1.12726829411755	0.187891692712312	0.904411860374929
PCBP2	2	1	-1.30075749602082	0.279848558404404	-0.11326086749588
SHFM1	3	1	0.00327235654950375	-1.51195248094081	-0.870641072812362
SOD1	5	1	2.18982938811607	0.120787565265673	1.19522606264008
LAMTOR2	2	1	-0.36148102443619	-0.608396988300778	-1.90850248597118
SRSF3	2	1	-0.751866485761993	-0.879848771687092	-0.558723360076404
RPL17	3	1	-0.757010912301893	-4.03140945083878	1.3194836919722
ITGA2B	7	2	5.85172895876693	3.89378850931266	-0.609269374178248
PPIB	2	1	-0.369085670921705	-0.646255655306574	-1.96207083712462
LCN2	7	2	6.04321131639781	4.00236232049983	-0.595134051221693
CAP1	5	1	0.875994721995418	0.60711792778491	0.349081522279981
PGK1	1	1	1.08040469684909	-1.12097269717965	-0.297190050825227
CASP1	1	1	1.09000680347661	-0.434575989822681	-0.690206429654963
LSMD1	3	1	0.0637137207468808	-1.7441983420965	-0.76614792322793
SUMO2	2	1	-0.108157226159748	-1.19507904020917	0.164100102088664
SLC25A3	3	1	0.0867710317697451	-2.36960200006478	-0.00402100564185237
CCDC80	4	1	-2.3916530701101	1.77684109827283	1.32537973414053
SLC25A37	2	1	-1.82745622691314	-0.227847515398232	-0.543319410650315
PTCRA	7	2	6.01509353031051	4.01566483611565	-0.575503869088192
CALM3	1	1	1.2205985875084	-1.38844212259274	-0.342303151780904
DUSP6	4	1	-0.711368120570556	2.1368827589923	1.49852987681997
IQGAP1	4	1	-0.677227865246442	0.966523469385648	0.691672638247055
EVI2B	4	1	-1.04607238714614	0.84756782174807	1.24372438909421
C6orf120	2	1	-0.486794019107628	-0.589756288286917	-0.719626344811199
TIPARP	4	1	-2.43382364099512	2.39596070797113	1.23420876088907
NAAA	1	1	2.24939193843989	0.278194984750636	0.0682570380272034
TRA2B	4	1	-1.29679195845016	1.42759262356853	1.48165735793729
HNRNPC	2	1	-0.900945664964341	-0.701887801257435	0.236876665907102
KLF15	2	1	0.07514199634433	-0.130794251839817	-0.485933720467017
ICAM3	1	1	1.05237910178554	-1.17253592656381	0.182588351320392
TMEM150A	2	1	-0.792531005120894	1.04546398797423	-1.1996269036808
CDK6	5	1	0.375483121364824	1.67220717670451	0.842801806275828
SEC11C	3	1	0.584694491641656	-1.43781285883083	-0.758725755896147
TNFRSF1B	5	1	1.45117445228807	0.419308767729695	1.15075347551007
BTD	5	1	0.648769100518693	1.6400021329017	0.198195557005245
CAPZA1	8	3	1.47074705437536	2.50636641676497	2.2931050913211
ARPC4	8	3	1.37654332185534	2.86200823966451	2.54526939558796
THOC5	5	1	0.122013216289098	1.26733625684942	1.23201845021771
PKM	6	1	-2.54841743475837	-0.466830831825327	-0.569845106471506
PARK7	1	1	0.289199303968521	0.520866143274857	-1.82359257208363
TMEM176A	5	1	-0.218282921616542	1.41827005364968	0.719471644931969
COX19	4	1	-1.70134456985333	0.517593493977295	0.615793680356363
NINJ1	1	1	1.11718678970616	-0.573637439602669	1.01287256966215
ID3	1	1	0.530570915216559	1.74845014110472	-2.44362483761229
RIT1	8	3	1.19986463065384	2.7573029036654	2.59328215024479
BAG1	5	1	0.443196290537433	0.500799022351291	1.1450811092086
IFIT3	5	1	1.34589354213285	1.17571298536799	-0.340779411301328
C6orf48	3	1	-0.823376039257148	-4.21329069792745	0.964677276218895
ADAMDEC1	5	1	0.665742559775219	1.69644083573744	-0.0215376100173084
C11orf31	1	1	0.930620404062205	-0.975211830170035	-0.975293560196324
PPP1CA	1	1	1.92671542870193	-0.806037923932582	0.18146362413329
HNRNPU	5	1	-0.0808018326752618	1.57426457153065	0.903185136604092
ADAR	5	1	0.577763906288086	1.59587550649065	1.28330529359818
RNASE6	2	1	-1.74923197919201	0.0798760295115817	-1.09114704091043
NDUFS7	3	1	0.709315523973564	-1.76360252065934	-0.821403855380089
NDUFB5	3	1	-0.258417585466349	-3.39999416744924	1.06693338092047
ACTR2	5	1	-0.149716141730936	1.50378862367691	0.899184118416975
SRSF9	2	1	-0.0726322492429188	-0.566993972583275	-1.9903098728797
ZFAND5	4	1	-0.889967598512523	0.897548390265982	1.30522984551033
EIF4G2	4	1	-0.47474345517354	1.0817098573086	1.49051252363154
YWHAH	7	2	5.70441154639326	3.73714132674802	-0.429174434500601
CAPZB	1	1	1.5736771000212	-1.15363704702556	-0.0495982637269692
GUK1	1	1	1.03835183780257	0.299293949366732	-1.40885109634048
ENY2	1	1	0.714088838515222	-0.104010157872554	-0.701713111374419
CLEC1B	7	2	5.71031386217927	3.76060306220065	-0.413719038393774
CUX1	5	1	1.33494867887791	0.24397673366711	1.12493771006709
ZNHIT1	2	1	-0.47954298224228	-1.23138352235136	-1.21896440061183
CXCL9	1	1	0.239092032639766	1.87985782757383	-2.12032412959354
GP9	7	2	6.05839838489352	4.01704017578019	-0.614143042180997
IRF1	4	1	-0.888682123338364	1.98733851200535	1.50687346429965
NCF2	4	1	-0.926216975574212	0.501084879027794	0.409773585349473
ARHGAP6	7	2	5.73030974542673	3.8579127365806	-0.556265914664718
MRPL23	2	1	-0.493364408424675	-1.28085271804122	-1.15640052856018
EIF4A2	3	1	-0.0395566715024417	-2.83809291785527	1.04690704785476
DAD1	1	1	0.63016065116248	-0.733348958599581	-1.5923120877107
TUBB	1	1	1.93214851103157	-0.706845610776921	0.770404470430785
CLIC3	9	1	-2.04934799423182	4.23997747472192	-2.05992685744789
CTSH	2	1	-0.283175700241638	-0.365627994996069	-1.95577984172288
ERP29	2	1	-1.41935837361678	0.21896160652564	-0.897590117237284
OSBPL2	4	1	-2.27259847741414	1.26582663799021	0.907588356074963
HOPX	9	1	-2.15570322835923	4.14039080222715	-2.20263567679722
CNBP	1	1	0.0481009133471922	0.47969157412859	-1.68618971737539
NDUFS6	3	1	-0.14607348264872	-1.6207633133981	-0.817834309928588
HCLS1	1	1	1.44293985354822	-0.974873594347798	0.135286612892544
C14orf166	2	1	-0.647449931535565	-0.468380416187074	-1.07239957847983
RALY	1	1	1.85908045261103	-0.907643994119022	0.450942335671932
FABP5	1	1	0.638213809660309	1.48500367312459	-2.43879084349408
SON	5	1	0.529478332688607	0.813944627411663	0.35222933007286
FGR	5	1	0.554995419594916	0.687776731944539	1.30906573810187
XCL1	9	1	-2.1639150662862	4.10397567926524	-2.20939209089064
MPC1	1	1	2.07592194879102	-0.655655445896373	0.547380012003488
SRRM1	5	1	0.623696823430208	0.461867953310358	-0.224900539586726
HMGB2	6	1	-2.42391809552256	-0.53543021961654	-0.197546859439078
RASGRP2	5	1	2.13083750930878	-0.0933055880653022	1.23646172706701
PLEK	4	1	-1.41087790251091	2.03537616050063	1.47531185973187
PSMB8	1	1	1.15867282207315	0.704142072102078	-0.586833472090728
ATP5G1	1	1	-0.0655203130773092	0.830983920495388	-1.85568061887235
SSB	5	1	0.776332586025285	1.19843691776895	-0.34936389044228
C1QBP	1	1	0.559697729367301	1.38674135379137	-2.45066023951943
GZMK	5	1	0.196719130342134	0.576106496594165	-0.0160863709548025
VPS29	1	1	1.20293240831115	-0.574090777823003	-0.68336612278578
NUP214	4	1	-1.45647518681252	0.620080313053306	0.539889019958842
SLC31A2	4	1	-0.252519698514048	1.6737984316435	1.37464603144707
ERH	2	1	-0.368859234175773	-1.01227514283154	-1.49143788361462
ATP6AP2	2	1	-0.256510433780564	-0.778120699369783	-1.79416224538575
TMEM66	4	1	-2.15411845436266	2.19645259057188	0.94026936383635
ARL6IP5	1	1	1.37237891430362	0.700308387044845	-0.428634366628661
YPEL5	4	1	-1.31873870531726	1.76859953541039	1.64850981096551
PSMA2	2	1	-0.372497573499838	-0.489717298884429	-1.40657834168011
NDUFC2	2	1	-0.156052617009159	-0.905478473370699	-1.64497186823153
NUP88	5	1	1.12083000621349	0.943978638615852	0.823438453195444
AOAH	1	1	-0.245497653691952	1.09483648650755	-1.76487965877311
ATRIP	1	1	2.10436106990511	0.336324561819923	0.264274224935551
SFT2D1	1	1	0.671348987167588	-1.35416003252563	-1.86092450433866
MIDN	4	1	-1.65039178929389	0.663738215371543	1.20531771305698
PILRA	1	1	1.91177237742318	-0.758248482050812	0.0132284691508373
LDHA	3	1	0.190558023398431	-2.19956028801101	-0.187593819212665
SRSF7	4	1	-0.728386166880758	1.79458396035041	1.39306194790589
DVL3	2	1	-1.01123511203826	-1.12752266622366	-0.25634618536229
ABRACL	5	1	0.992412087760716	0.541464170291705	0.639809748065705
SLC7A7	1	1	1.46759714608811	-0.927045166253783	0.217926088467693
ZC3H15	2	1	-0.972766136343214	-0.290833763229489	0.356105061973456
LMNA	2	1	-0.681225781010907	-0.386873773490029	0.0361624482726219
ZEB2	5	1	0.383037892755616	1.54476364737791	1.07559766894519
SPG21	4	1	-1.92645787620392	0.663939544167408	0.822571785225608
HSPA8	1	1	2.09083407418349	0.74650467474363	-0.731936828122845
PRF1	9	1	-1.98966307545187	4.27747895373925	-2.05183009959156
LSM4	1	1	0.625695259380157	0.889784965386912	-1.66632285996342
SNRPB2	3	1	0.0935738430090257	-1.56721349749101	-1.00500732652624
ATPIF1	2	1	-0.403573060577503	0.388301735547669	-1.0740138907846
CHMP1B	4	1	-1.21247785407404	2.17014296615439	1.4347706416023
BST2	1	1	0.580670292389895	0.570130576488153	-1.57653886690992
DOK2	5	1	0.88834570020646	1.11537935144574	-0.479221401466624
ATP5B	3	1	0.225982304541013	-1.93261369426336	-0.374263940398045
ATP5F1	3	1	-0.105625934121251	-2.11596066107538	-0.133651472020461
DBNL	1	1	1.41484872823338	-0.764431366590668	-0.433594096042335
MPEG1	4	1	-0.622406500050139	0.904433658042652	0.371694126494106
CCL20	4	1	-2.23830298814715	1.38157138604931	0.972117468447274
UQCRC1	1	1	0.657441500553083	-0.911932776075386	0.449218358237695
VIPR1	6	1	-2.22215253762792	-0.325653960687279	0.051644126640688
PNISR	5	1	-0.148643296405425	0.0579115990929928	0.590486776764146
SNRPB	1	1	1.04579212914513	-1.04483006623411	-0.823845302670407
SERPINB1	6	1	-2.50714515805896	-0.528919315572764	-0.190336051127302
C19orf10	1	1	0.640958998386737	-1.23758952634046	-1.20274727879391
IFNGR1	1	1	0.0463673165792586	0.94314970563822	-1.2327947167521
BTG2	4	1	-1.15660136864798	2.17181346658863	1.53267467406793
PGLS	3	1	-0.0656785107329003	-2.49243209903123	0.0566842950671742
RNF181	2	1	-0.288907764694391	-0.833134669966651	-1.65618203155403
TBCA	4	1	-0.2399130324117	0.066665993310846	0.956516225575119
RAB32	2	1	-1.42047435756748	0.953969765083735	-0.648025919237751
JTB	4	1	-1.23279898899462	1.82836435613935	0.684895797381053
TRA2A	8	3	1.21285987683599	2.72606943077777	2.55158317221412
TUBB1	7	2	5.96404173984756	3.95396574073101	-0.533980833029415
RSL24D1	1	1	0.551901421896528	-1.84497487526817	-1.66833488413005
CABIN1	8	3	1.19137748236142	2.75917695131388	2.61951956914391
POLR2G	1	1	1.03784906636485	-1.23920288171026	-0.351724016754873
MTDH	2	1	-0.845151852484922	-0.550273637929071	0.0339454407580211
TXNDC17	1	1	0.00443160578478324	0.638471698544213	-1.56450025238705
CDA	6	1	-3.05552465468163	-0.365604294483125	-0.394514751766255
CDKN1A	4	1	-2.34317774824596	2.51106220052534	1.06846054179319
LSM7	1	1	0.445164408911559	0.421563247662691	-1.72169951031015
HNRNPM	3	1	0.162119332537181	-1.73060043274419	-0.751261462889018
TIMM13	2	1	-1.15714750792635	0.646700084026724	-1.09267121090677
EIF2S2	2	1	-0.661288576181001	0.12717657152336	-0.915730723584703
MAP1LC3B	4	1	-2.10459696842374	2.11476933146365	0.848283234327144
METTL9	6	1	-2.66929913494386	-0.410116745895681	-0.2402084271007
TPP1	5	1	0.134679806250735	1.63524184937791	0.724782400379594
LILRA5	8	3	1.36813797652159	2.8945914389205	2.65047409223779
C19orf53	1	1	0.472832779457594	-0.820355019911572	-1.49573489137323
N4BP2L2	5	1	0.745260541898079	0.82407349515526	0.579775207069912
GLIPR2	2	1	-1.65947191409694	-0.0136882027155361	-1.09724216486886
PPP1CB	8	3	1.3680762699699	2.7808353252574	2.51330799238319
GRINA	4	1	-1.80435977317334	1.12143865463763	1.3537580754452
SMCO4	5	1	0.258644244770385	1.287918073946	-0.397695580201118
REEP5	1	1	0.662248163971807	-1.47351494464349	-1.73312896363575
SERBP1	2	1	-0.790767824182313	-0.578906190080488	0.0661944309141311
KLF10	4	1	-1.55782904319203	2.14600201683127	0.854517632083176
NDUFA6	1	1	1.15702265097263	-1.43164331645633	-0.979471839725267
EIF4EBP1	2	1	-0.906302765394478	1.12184736744247	-1.12162447460278
LAPTM4A	1	1	0.579551663836553	-1.03549432851301	-1.08436994418776
TNRC6B	8	3	1.2787689260847	2.73489502870331	2.50762531709619
ATOX1	1	1	0.492337585083791	0.721613149739436	-1.48836549493018
NDUFB7	2	1	-0.0917995607054096	-0.89563595798714	-1.6552798577041
ANAPC11	1	1	0.536883296434684	-1.46641031795613	-1.80915147306586
DEK	2	1	-0.880844476359272	-0.58068930584836	-0.0448231315856655
SYF2	2	1	-0.262388823458901	-0.43205817364337	0.719399325520928
RAB7A	3	1	-0.0720952392421023	-1.36284986929325	0.0585863885228217
TMEM167A	2	1	-1.86046260276447	-0.175942508785051	-1.07734041180946
CD302	6	1	-2.39631590318685	-0.496253346829912	-0.300365596313044
POLR2F	1	1	0.619201216008652	-0.950713710414114	-1.16227573965017
CBX3	1	1	0.457282099680666	-0.444511249731698	0.466711459260053
CELF2	4	1	-0.154560552774203	1.62016158070661	1.51342628746184
ATXN7L3B	5	1	0.379466660879438	1.48776314765205	0.973491738194627
SYNGR2	1	1	2.34818149305601	-0.120694664837036	0.0563241431846133
PPT1	2	1	-0.647403738537792	0.801022208109383	-1.49839136359387
VAMP2	5	1	0.25210291481281	1.1584559745119	1.01881094980408
LAMTOR5	1	1	0.663796778489068	-0.865665119717663	-0.645979286322943
AGTRAP	6	1	-2.645272215029	-0.214333348762668	-0.474485349207845
SCAND1	6	1	-2.10591164052685	-0.11150159331679	-0.392489397735423
ARGLU1	5	1	0.470143673284127	1.58137907495519	0.933598346561385
CDC27	5	1	0.418108208431924	1.66069864514903	1.19831963616861
CNPY3	2	1	-1.0927811636979	0.218328923113699	-1.03008513896767
EIF3G	2	1	-0.697992109574134	-0.817475783155058	-0.949583587720718
EID1	1	1	0.664812668267128	-1.37844747521298	-1.89687142708001
C19orf38	1	1	1.33377702885865	-0.822129273314317	0.805077900629453
RAB31	4	1	-2.2376758773352	1.40298870308462	1.17922978779623
IRF2BP2	4	1	-1.83636678759797	2.27354208938473	1.48795022053868
RGS1	4	1	-2.46360082011434	2.10853584019513	1.14544520651204
ZYX	4	1	-1.73454898677268	0.544159579418898	0.806091939014295
ZNF706	1	1	2.02781318646306	0.17834246199133	-0.00414648915609428
RTN4	4	1	-0.367159376635564	1.11432969066031	0.721465462657046
BCL2A1	1	1	1.72750819135589	-0.521809629258226	0.930801972836184
CIB1	1	1	1.57517603706167	0.414531471461257	-0.76026163932003
MGST3	3	1	0.0965177219338626	-1.64089105233831	-0.690869392199275
ALOX5AP	6	1	-3.07657521388288	-0.324596277420345	-0.465143098328345
CLEC4A	2	1	-1.38021590596651	0.625181360126039	-0.894403073993614
ZSWIM1	8	3	1.33583856611046	2.89417665986493	2.48725400568073
TRAPPC1	2	1	-0.353357419780823	-0.919299752239569	-1.48046917495579
DDT	3	1	-0.557123752729999	-2.70300907390486	0.217452053643773
HSD17B11	2	1	-1.34348761235865	1.13088555575781	-0.681609615932886
FAM49B	3	1	0.13679175601558	-1.75119413228839	-0.291129145395716
HNRNPA3	2	1	-0.965020137288131	1.03363692516905	-0.821158209154986
HMGN1	1	1	0.55069730184174	1.66065802663811	-2.4364182700283
IER3	4	1	-2.11559899972741	2.55631556964308	1.20403606180398
SMAP2	5	1	0.945980957998142	1.43363166464296	0.614476218817642
HSP90B1	1	1	0.0509879127122506	0.977717654983112	-1.82773528200626
SNRPE	2	1	-0.697068258309575	-1.30639893258114	-0.58288454628372
WARS	5	1	0.944812987406866	1.31151548146896	1.16831769881368
NMD3	2	1	-0.195342843750743	-0.337121113620841	0.775875406390072
ELK3	5	1	0.78475870999151	1.04790083076131	0.684191537346939
GLTSCR2	3	1	-0.346025584820003	-4.17032893625252	0.776634662336186
PSMB6	1	1	0.549822697317248	-0.889811327892014	-1.42731109119279
LAP3	5	1	0.538092122654827	1.63188385968815	-0.15114160489394
CHMP4B	1	1	1.85369231601248	-0.763215981121354	0.375622943175117
CD3D	5	1	0.187708747255476	0.0938165856072724	0.285723817538489
C9orf16	2	1	-0.950786247718025	-0.853986001558603	-1.65000091174265
VRK2	2	1	-0.658763409200009	-0.31694014870657	0.129427800984614
MGST1	6	1	-2.55992607682326	-0.510679435689699	-0.26949009852272
LIMS1	7	2	5.78645178240805	3.78804554551042	-0.436926829655338
CUTA	2	1	-0.880708935582473	0.599052372746419	-1.07850495386102
SPCS1	1	1	0.591157677188657	-1.74418337932674	-1.74816507681853
XPNPEP3	2	1	-0.475227015697893	-0.624679050372646	-0.366808458646703
NFKBID	4	1	-1.65618257222912	2.56420783348713	1.00115674702501
LY96	2	1	-1.34874480693278	1.30716554680778	-0.175501999756949
HMGN3	2	1	-1.18742986207179	0.164680953213003	-0.086101140745247
ENHO	1	1	0.514355315419613	1.66848374632402	-2.39508237184314
RNH1	3	1	0.470157148387653	-1.71937103732704	-0.363224596482578
POU2F2	5	1	0.826415485013252	1.33991859910362	1.29001424433563
RHOG	1	1	1.5860035939963	-0.928925403325316	0.0601331839641686
NDUFB4	1	1	0.570295751217382	-1.72563904044631	-1.59883620438393
RBX1	1	1	1.09302869969113	-0.11687137725498	-0.320639412981844
ATP5C1	3	1	0.0180058636298443	-1.80846848272931	-0.845905666226176
PRPF19	5	1	0.83759410417148	0.644003205126027	-0.455229232141064
HOXB2	5	1	0.298845883816515	0.465977159308011	-0.0189679510106624
MRPL52	2	1	-0.194278576264297	-0.746989102403076	-1.87528313121556
NR4A2	4	1	-1.98516394724019	2.51838454460337	1.29216102888718
IFNGR2	1	1	0.979435995167016	-0.60362042886262	0.946441411301692
PTPRE	4	1	-1.39194063102417	1.43111549640819	0.367627151479153
CECR1	5	1	0.289842225051961	1.6244461825385	0.668110290623601
TAX1BP1	5	1	0.541431659861706	0.82250054251013	1.15076152950616
CAST	4	1	-1.29557199738491	0.330604466251082	0.889159522014352
AKT1	5	1	0.44329856116515	1.31594803104679	0.304587608376415
NCL	2	1	-0.713164008025755	-0.419656715072658	0.138241398023663
SAV1	5	1	0.341088069438237	1.61499291543662	0.789464740234146
MYO1F	6	1	-1.73726856546504	-0.685948647037373	-0.0935195922355634
AREG	9	1	-2.04957668429873	4.12045944791884	-2.03960686857692
IFI30	5	1	1.35941256429952	1.20895360136781	1.28680023693394
RUFY1	7	2	6.01921042509595	4.03458241475912	-0.547020322936446
ASGR1	2	1	-1.71695628275843	-0.118476034222745	-1.19691660601447
SEC62	1	1	0.161125316924288	-0.521258592877735	-1.38469661842006
CAPNS1	5	1	0.533051731833791	0.543439239684439	0.861918527642784
MT1M	2	1	-0.299810659765814	-0.171924508302753	-1.97487721491976
SELL	6	1	-2.95635574723849	-0.44766582433461	-0.346142607512147
FUCA1	2	1	-0.340860997300779	-0.518404640831741	-1.53415222706468
SMAP1	2	1	-0.508761698685782	-0.838949198577346	-0.818562557082486
SEC11A	3	1	-0.203838592556635	-2.2087868618086	-0.0950764608562922
MDM4	8	3	1.23767934637011	2.78938579001486	2.63466284974298
NLRC5	5	1	0.0182072979450164	0.688021971814346	0.0436706421472513
CHCHD10	1	1	2.29269720003256	-0.374949014068328	0.224406879703689
TNFAIP2	5	1	0.30329486322974	1.68567716339107	0.720393656621295
SUPT4H1	1	1	0.763810338881605	-1.22638154816667	-1.69568144838633
PTPN6	5	1	1.26924013528155	0.429145489778439	0.865871476154029
POLE4	6	1	-2.88557070015785	-0.0645001234628175	-0.376721133048278
TCF25	4	1	-0.450843682699302	1.67420099838466	1.4996839040387
ALDH8A1	6	1	-1.97358063628359	-0.470166367483184	0.00909509080168669
PGF	4	1	-2.41871038529909	2.32581040782114	1.28630243969083
MT1G	5	1	0.390235551413932	0.377812305606049	-0.151155566800969
PDLIM1	7	2	5.76733539075938	3.83133744418978	-0.509636137922487
EIF2S3	8	3	1.24875579976592	2.90483631131795	2.72589415282267
OSBPL8	4	1	-0.394246120621984	1.84269636579471	1.60637882128077
TMEM219	2	1	-1.36346074577225	1.40059214276998	-0.536288722756608
ATF5	5	1	0.611254976386733	1.56300763739854	-0.255694340489362
ABI3	1	1	2.40782741441066	0.119485537531458	0.128686699694539
ANAPC16	1	1	0.807073170142968	-0.918481685837623	-1.09040058407006
CLTA	2	1	-1.0715346002477	0.312832917101693	-0.203745140172015
COX7A2L	3	1	-0.412286977356004	-2.4126307256612	-0.0170416777348297
RABGAP1L	5	1	0.867571465617569	1.25070193764904	1.22516916168379
MZT2B	2	1	-0.886118809940267	-0.769324158445615	-1.66763051943078
ACTR3	5	1	0.894049324947201	0.605145611962472	-0.0973477470378863
ROMO1	3	1	0.377511352841207	-1.32097622267779	-0.409096909147612
BNIP3L	2	1	-1.42538918989717	1.30815816699035	-0.302450019884854
CNIH4	1	1	1.09909609781746	-1.12843895333641	0.252969685512096
ZNF544	5	1	0.0977947606247309	-0.0625674284736864	0.40747251459406
SRRM2	5	1	0.529904750425323	1.35576328330244	1.06985328151648
LSM6	1	1	1.1891448818999	-1.03052243453598	0.156895009730142
TGFB1	2	1	-0.302359468092215	0.519296661198883	-0.668789797181294
RHOB	4	1	-0.930678438123818	2.23714761564423	1.52788094812866
ANP32B	2	1	-0.27240434181767	-0.445193193320146	0.956784093557734
PHPT1	1	1	0.41825335264382	1.4570579597038	-2.04268544802158
NT5C3A	7	2	6.01720534364794	4.08226077083073	-0.552844539853231
EIF5	4	1	-1.46177621599463	2.06290830399741	1.03980457128101
CDKN2D	1	1	1.16549568837467	-0.561670008813963	1.02169933914309
SRI	1	1	1.35013902917344	-1.291961098573	-0.136263749536971
MTPN	5	1	0.78297978726555	0.54586273814626	1.25277353346193
ZNF117	4	1	-0.551283711572622	0.811857877343359	0.335433451975796
NDUFB3	1	1	0.546058750255771	-1.74558183524841	-1.70434937949711
CD53	5	1	0.694459666686473	0.397951770206297	-0.184063502991761
CREB5	4	1	-1.52395695407801	1.73682588046292	0.56163303783828
U2AF1	2	1	-0.266986724272785	0.501173418570609	-1.08786083133238
MSN	1	1	1.2275733892812	-0.777866838373261	0.149260839782002
FBXL5	6	1	-2.51603069610314	-0.399850834361705	-0.0758995978900583
KTN1	2	1	-0.982759496308206	-0.512718180751151	0.100613022527811
BLVRA	2	1	-0.260682386722644	1.1537199978125	-0.359341793946944
SPON2	9	1	-2.10764362033989	4.1975106333603	-2.07596929829475
AGPAT3	5	1	1.83401735064043	0.286855921465804	0.869978288545755
STAT1	5	1	0.582994915031357	1.59424260438232	-0.227180956525906
WSB1	5	1	0.771122381297996	0.586006589990677	0.979366791748245
PTPRCAP	9	1	-1.99977680607613	4.28169625952918	-2.14540694871036
LYN	5	1	1.71275266011629	0.183248345698203	1.24358263941513
CAPZA2	1	1	1.75732865106134	0.0236437563634162	0.119174188449957
CUL4A	5	1	1.73738734996899	-0.0803766616908272	1.14330578351267
TPPP3	5	1	0.958120862530924	1.30376295160196	1.27932035329792
YPEL3	4	1	-1.6371243556336	1.94260744427332	0.678741965122637
RRAD	4	1	-1.32069108995588	2.3466862881678	1.28953211018979
HEBP2	6	1	-2.46418725208541	-0.00986042256453112	-0.337389108141839
AURKAIP1	4	1	-1.66077708217547	1.83408657006515	0.449370971668711
LILRA3	1	1	1.39065744548722	-0.974079390278689	0.419739946151864
ATG3	1	1	1.85976829351942	-0.312562312820302	0.245618037322444
IL27	5	1	0.155376462838057	1.09616027675323	0.126709869657126
C11orf58	2	1	-0.166289410233217	-0.916946854290066	0.195978408041546
REEP3	2	1	-1.1327997577622	1.444137354268	-0.0384433999327827
ARL4C	4	1	-2.34427119349962	2.52283648162575	0.778420581604338
SULT1A1	6	1	-2.5409166581138	-0.484411271165908	-0.205349229765564
CMTM6	5	1	1.33950159668266	0.388851229744067	1.28892386091238
TLN1	2	1	-0.603289241963445	-0.857897319237857	0.100644873482428
RABAC1	6	1	-2.47111818017093	-0.242682312071235	-0.658738329829222
MYEOV2	1	1	0.0981995077272887	-0.420305097891475	-1.47851979042624
CD55	4	1	-1.16011765392492	0.93695185088413	1.3099894188569
ANP32A	4	1	-0.825541580426603	0.831004328032379	1.33676877438912
GTF3A	1	1	0.439530489555987	1.58441391490168	-2.28398822674149
PRDX1	3	1	0.64364958352304	-1.31500654279233	-0.407601364201594
C9orf72	5	1	0.845026817839273	1.30056240609881	1.0629356717648
CHP1	4	1	-1.66072571508064	0.731517305181251	1.17220591863292
PPA1	2	1	-0.873368206859048	-0.940199140747112	-0.104734196583351
UFC1	2	1	-0.789202747230469	0.0562060897515857	-1.11920016316981
PTGES3	1	1	1.8427567082542	-0.942832297364823	0.0949995579298213
HMGN2	1	1	2.23645057042097	-0.391186252232508	0.205064754911985
TBCB	1	1	1.7235646675729	-0.873241339895142	0.428155174461194
CHMP2A	1	1	0.191511948464207	-0.626327365384499	-1.38861883180293
CD47	5	1	2.00644810496646	-0.0109576169188013	1.02356207418588
FLNA	5	1	0.693935815855627	0.547015464341815	0.791138476617117
IFI16	5	1	0.69476855934706	1.28981888936163	-0.161757445681236
TMEM147	1	1	-0.350632150938867	0.40092163439079	-1.84384030845983
POLR1D	2	1	-1.03664160124131	-0.018596886625645	0.022997088357515
SCP2	1	1	0.62146603156391	-1.68345644505515	-1.62848232546221
LDHB	3	1	-0.931097765142083	-4.14609539676948	0.635129991977342
DARS	5	1	0.589768273648338	1.02195910987019	0.795987136174462
PSMA1	2	1	-1.01652048735912	-1.11412282672207	-0.286085335672999
OTUD1	4	1	-0.999291102864024	1.81555640940306	1.69268993357587
CXCL11	5	1	0.64100576114654	1.61931992809121	-0.364174771041305
C5orf24	4	1	-1.20787252960805	0.46423609420132	1.05792920531539
UXT	3	1	-0.407323600648001	-3.57488757918649	0.462558823782461
DERL2	2	1	-0.438591197562023	-0.558158143733218	-0.828458785826681
RAN	2	1	-0.246437715015773	-1.04866071928154	0.125284077977919
UQCRFS1	3	1	-0.124532782045121	-1.89742578468543	-0.068249076950385
CD79B	5	1	2.2214671475404	0.212345202685804	1.23216473879873
PSTPIP2	5	1	0.39747738112669	1.65687121832176	0.694651810194724
